Tb927_01_v5.1	954649	955049	702.490304760159	675.676139474276	704.69612692604	578.686517824062	746.934724936108	824.780298391983	777.564919657828	716.988517502029	771.762812966326	706.009827839318	658.181568908168	743.305775393398	667.786393946451	691.341875307032	692.097146954876	728.83679838239	536.50280617459	652.719262639729	672.047606625189	668.834376662063
Tb927_01_v5.1	557919	558319	212.528769737222	293.410049607322	252.953951786672	301.751741750364	297.110674999889	273.663702886569	377.567581180003	289.257170151033	215.992538489757	145.194823206029	258.387686231527	247.256673219705	303.705592863317	298.708961713952	300.007776147822	318.165294678466	299.859754024589	297.795566753694	303.057612626161	273.45263895387
Tb927_01_v5.1	164948	165348	58.5408587300132	105.516547808312	124.581175398147	82.3472042907535	123.985116284941	134.726746036465	176.322814313434	106.471256247082	88.4179982121814	85.3019586335422	79.7016743599735	127.467725945562	144.534589374711	98.543162627283	117.32977383999	61.6708060169714	66.0139010725773	75.3605107703225	69.4025067082811	75.7617700997735
Tb927_01_v5.1	219971	220371	221.437161283094	214.735430627441	305.49470836763	195.151593730142	260.822348282345	253.454690981099	257.319160111124	200.633696743057	236.202366652542	194.198076038064	170.972946610911	264.149986296827	285.410075220949	226.341326659541	216.837303552386	168.193107319013	204.195541453311	217.573087546576	204.737394789429	245.041975166455
Tb927_01_v5.1	608383	608783	180.713085644823	199.000506831465	202.038167058734	198.535725413324	179.929619974487	234.508742319721	246.104281462213	212.327071706609	171.783539383667	132.490276175502	205.681740283803	196.576733988337	177.466521130975	221.722115911387	160.40019714834	208.839774921108	203.636101613713	188.401276925806	208.207520124843	195.323313538479
Tb927_01_v5.1	624072	624472	129.807991096986	92.5583752704487	177.663589263444	81.2191603963596	128.521157124634	69.8894995064161	84.7346386806608	62.7749603306497	59.366370228179	96.1915703739945	59.1335003315932	75.2520309799101	93.3071399760794	70.8278981383597	77.2297245529046	49.0563229680455	65.4544612329792	66.8520660059313	61.305547592315	85.2319913622452
Tb927_01_v5.1	360985	361385	236.708689647445	275.823958305937	230.746003128742	258.886073763396	225.290028371417	259.348986120195	286.602454361059	264.639538648818	245.04416647376	217.792234809044	251.960131847658	258.006963359692	225.034867001133	275.612907973182	245.055856754409	203.233338010474	251.188487979553	249.175882385744	224.401438356776	198.874646511905
Tb927_01_v5.1	627062	627462	162.89630255308	103.665380302903	227.496059422703	89.6794896043137	220.753987531724	78.3099211336951	103.426103095512	102.163170734195	75.7868556104412	161.529240816708	113.124957156091	90.6095883227489	111.602657618448	69.2881612223084	123.270521882521	85.498162887165	91.7481336940906	109.394289827888	106.417176952698	144.420874252693
Tb927_01_v5.1	258835	259235	206.165632918742	258.237867004552	246.995721658935	291.599346700819	231.338082824341	328.396443463883	325.231480818419	228.943972970605	285.463822799329	196.01301132814	250.674620970884	244.185161751137	225.034867001133	267.914223392926	282.185532020228	264.904144027446	304.335272741374	249.175882385744	264.886233936606	242.674419850837
Tb927_01_v5.1	1042090	1042490	220.164533919398	309.144973403299	218.829542873267	298.367610067182	170.101531488486	325.870316975699	329.592822515217	241.252788721713	380.19739231238	315.798740473114	277.670349383133	359.366841822428	349.444386969239	301.788435546054	353.474508530602	304.149202401882	293.146475949411	278.347693006514	282.236860613677	265.166195349207
Tb927_01_v5.1	474634	475034	188.348849826999	195.298171820647	182.538504822502	235.761173928322	189.001701653873	245.03426935382	270.40318520152	211.711630919054	209.676967188887	199.64288190829	197.96867502316	248.792428953988	243.330384643501	261.75527572872	252.481791807573	213.044602604083	239.440251347992	209.064642782185	237.125231253294	200.058424169714
Tb927_01_v5.1	703184	703584	255.798100102884	276.749542058642	254.578923639692	306.263917327939	304.670743066044	352.815666182992	403.112582546967	403.729156636336	251.35973777463	157.899370236557	330.376295330858	268.757253499679	303.705592863317	329.503700034977	231.689173658714	349.000697686952	318.880708570924	346.415251121644	327.348489974059	308.965968688139
Tb927_01_v5.1	216643	217043	227.800298101573	230.470354423417	306.57802293631	171.46267194787	349.275144656358	294.714756954767	394.38989915337	278.794676762592	243.781052213586	188.753270167838	203.110718530255	258.006963359692	250.648591700449	269.453960308977	242.085482733143	225.659085653009	217.062657764068	217.573087546576	256.78927482064	210.712423089995
Tb927_01_v5.1	925953	926353	232.890807556357	287.856547091096	256.203895492711	313.032180694303	289.550606933734	351.131581857536	352.022579813039	310.182156927916	265.253994636544	245.016264160175	275.099327629586	307.151146856776	375.058111668555	287.930803301593	298.522589137189	313.960466995491	322.796787448111	314.812456282476	299.587487290747	287.657970847577
Tb927_01_v5.1	316506	316906	194.711986645479	244.354110713985	265.412069326487	200.227791254914	201.853817366337	231.14057366881	245.481232648385	221.55868351994	197.045824587147	174.233787847235	178.686011871553	201.184001191188	219.546211708422	227.881063575592	203.470620456691	220.052648742375	212.027699207685	209.064642782185	225.558146801914	228.469087957129
Tb927_02_v5.1	493115	493515	201.075123463958	346.168323511478	237.245890540819	287.65119307044	256.286307442652	352.815666182992	327.100627259904	292.949814876366	290.516279840025	219.607170099119	232.677468696052	290.257833779653	311.023799920265	300.248698630003	548.034006923496	305.55081162954	280.279359638655	319.674424719271	352.796075767096	303.047080399094
Tb927_02_v5.1	658118	658518	190.894104554391	173.084161755739	196.079936930997	216.584427723626	206.38985820603	225.667299611078	228.658914675018	228.32853218305	199.572053107495	174.233787847235	262.244218861848	193.505222519769	268.944109342817	235.579748155848	179.707628286566	231.265522563643	228.25145455603	257.684327150135	240.595356588708	221.366422010276
Tb927_02_v5.1	714656	715056	152.715283643513	136.986395400264	172.247016420047	81.2191603963596	149.689347709868	101.045059527349	95.9495173295718	108.933019397304	107.364712114792	116.155858564823	95.1278048812587	96.7526112598844	76.8411740979478	103.162373375437	95.051968680498	95.3094274807741	88.9509344961	103.316829281894	92.5366756110415	125.48043172775
Tb927_02_v5.1	598297	598697	220.164533919398	227.693603165304	219.371200157607	248.733678713851	189.001701653873	263.559196933834	216.197938398451	227.713091395494	228.623681091498	197.827946618215	214.680316421219	264.149986296827	256.137246993159	243.278432736105	225.748425616183	208.839774921108	245.594089583572	223.65054809257	216.30447924081	220.182644352467
Tb927_02_v5.1	626454	626854	243.071826465924	206.405176853101	215.579599167228	251.553788449836	185.221667620796	262.717154771106	232.397207557989	213.55795328172	224.834338310976	241.386393580024	242.961555710242	265.685742031111	232.35307405808	229.420800491643	264.363287892635	222.855867197692	267.971683167496	218.788579655775	207.050811679705	258.063529402353
Tb927_02_v5.1	812461	812861	162.89630255308	206.405176853101	235.6209186878	209.252142410065	207.145865012645	205.037266624245	238.627695696273	222.789565095051	185.677796245581	176.048723137311	195.397653269612	178.14766517693	173.807417602501	214.02343133113	200.500246435425	215.8478210594	203.636101613713	183.539308489011	196.640435673463	182.30175930258
Tb927_02_v5.1	1104537	1104937	222.709788646789	186.042334293602	220.996172010626	222.224647195595	203.365830979568	211.773603926068	245.481232648385	220.32780194483	213.466309969409	183.308464297612	231.391957819278	202.719756925472	195.762038773343	210.943957499028	193.074311382261	210.241384148766	233.845852952011	212.711119109781	233.65510591788	230.836643272747
Tb927_02_v5.1	61429	61829	24.1799199102229	31.4698475919526	64.9988741207723	11.2804389439388	47.6284288167761	41.6810870550313	46.7286610371291	27.0793946524371	41.6827705857427	52.6331234121856	33.4232827961179	29.1793589513937	40.2501388132107	29.2550014049746	66.8334154784751	29.4337937808273	25.7342326215132	21.8788579655775	27.7610026833125	31.9619967608419
Tb927_02_v5.1	855409	855809	216.34665182831	203.628425594987	236.16257597214	246.477590925064	207.145865012645	234.508742319721	269.157087573864	289.257170151033	224.834338310976	194.198076038064	208.25276203735	224.220337205446	214.057556415712	255.596328064515	185.648376329098	246.683224067886	252.307367658749	218.788579655775	253.319149485226	228.469087957129
Tb927_02_v5.1	792080	792480	189.621477190695	174.935329261148	139.747579359661	203.047900990899	166.321497455409	197.03786607833	168.223179733665	188.940321779505	161.678625302275	174.233787847235	176.114990118006	161.254352099807	151.852796431659	164.751850017489	160.40019714834	192.020464189207	189.090665784162	206.633658563788	182.759934331807	147.97220722612
Tb927_02_v5.1	732663	733063	156.533165734601	125.87939036781	150.580725046456	220.532581354004	165.565490648793	183.986212556047	155.762203457097	193.248407292392	166.731082342971	163.344176106783	165.830903103816	167.397375036943	179.296072895211	180.149219178002	196.044685403527	178.004371912622	210.349379688891	172.599879506223	200.110561008877	153.891095515165
Tb927_02_v5.1	859121	859521	133.625873188074	172.158578003035	173.871988273066	171.46267194787	152.71337493633	149.041462802839	161.992691595381	131.704328536853	114.943397675836	154.269499656406	109.26842452577	173.540397974078	159.171003488606	130.87763786436	126.240895903786	175.201153457305	170.069711237826	144.643560994651	131.864762745734	149.155984883929
Tb927_02_v5.1	534243	534643	222.709788646789	204.554009347692	228.579373991383	199.663769307717	198.073783333259	239.560995296089	272.895380456834	209.249867768833	205.887624408365	166.974046686934	213.394805544445	265.685742031111	214.057556415712	227.881063575592	176.737254265301	236.871959474277	201.957782094919	220.004071764974	226.714855247052	237.939309219601
Tb927_02_v5.1	1134061	1134461	34.3609388197904	17.5860913013853	29.7911506386873	9.02435115515107	29.4842654580042	18.9459486613779	19.9375620425084	25.233072289771	18.9467139026103	30.8538999312812	21.853684905154	24.5720917485421	12.806862349658	21.5563168247182	23.7629921701245	22.4257476425351	14.5454358295509	12.1549210919875	20.8207520124843	24.8593308139882
Tb927_02_v5.1	984808	985208	45.8145850930538	65.7164464420186	58.4989867086951	50.1979533005278	64.260578562317	79.572984377787	93.4573220742582	64.0058419057605	63.155713008701	43.5584469618088	48.8494133174031	52.2156949656519	51.2274493986318	56.970265893898	75.7445375422718	44.8514952850701	54.265664441017	69.2830502243288	54.3652969214869	46.1673286545495
Tb927_02_v5.1	1071018	1071418	97.9923070045874	82.3769539906994	116.99797341739	50.1979533005278	114.913034605555	49.6804876009464	54.8282956168982	62.1595195430944	70.7343985697451	94.3766350839191	71.9886090993309	66.0374965742068	45.7387941059213	83.14579346677	60.892667435944	58.8675875616546	63.2167018745868	48.61968436795	55.5220053666249	82.8644360466272
Tb927_02_v5.1	452490	452890	207.438260282438	201.777258089578	211.78799817685	170.334628053476	213.193919465569	205.458287705609	202.490864494226	174.169742878175	195.782710326973	245.016264160175	159.403348719947	185.826443848349	193.932487009106	201.70553600272	166.340945190871	168.193107319013	146.573237974706	185.970292707409	229.028272137328	228.469087957129
Tb927_02_v5.1	456876	457276	132.353245824378	91.6327915177442	142.997523065699	51.8900191421186	173.125558714948	69.4684784250521	76.0119552870634	84.3153878950884	74.5237413502672	137.935082045728	57.8479894548195	90.6095883227489	84.1593811548952	58.5100028099493	57.9222934146784	43.4498860574117	59.3006229974	66.8520660059313	68.2457982631431	105.356211544997
Tb927_03_v5.1	238708	239108	194.711986645479	211.958679369328	226.954402138363	209.252142410065	210.169892239107	216.404835821072	267.910989946207	212.327071706609	200.835167367669	246.83119945025	200.539696776708	238.042138814001	208.568901123001	227.881063575592	225.748425616183	243.880005612569	223.775935839245	215.142103328179	207.050811679705	204.79353480095
Tb927_03_v5.1	178401	178801	174.349948826344	219.363349390963	223.162801147985	222.224647195595	193.537742493566	305.661305070229	271.649282829177	238.175584783936	296.831851140895	239.571458289948	251.960131847658	330.187482871034	332.978421091107	270.993697225028	372.781939668828	246.683224067886	248.391288781562	252.82235871334	289.177111284505	281.739082558533
Tb927_03_v5.1	879198	879598	114.536462732635	133.284060389446	119.706259839089	133.109179538478	95.2568576335522	182.302128230591	223.674524164391	146.474907438183	179.362224944711	150.639629076255	168.401924857363	136.682260351265	128.06862349658	138.576322444617	190.103937360996	173.799544229647	123.636204551183	153.152005759043	149.215389422804	140.869541279266
Tb927_03_v5.1	741548	741948	206.165632918742	189.74466930442	238.329205109499	180.487023103021	221.50999433834	240.824058540181	251.711720786669	272.024828099482	184.414681985407	181.493529007537	227.535425188957	190.433711051201	201.250694066054	207.864483666925	185.648376329098	235.470350246618	187.412346265368	246.744898167346	212.834353905395	243.858197508646
Tb927_03_v5.1	1450544	1450944	208.710887646134	248.056445724803	181.996847538163	252.117810397033	177.661599554641	234.087721238358	250.465623159012	236.32926242127	197.045824587147	156.084434946482	214.680316421219	204.255512659756	226.86441876537	243.278432736105	212.381742520488	239.675177929594	248.95072862116	232.158992856961	237.125231253294	187.036869933816
Tb927_03_v5.1	491710	492110	119.626972187418	114.772385335356	127.831119104186	138.185377063251	114.913034605555	110.307523317356	92.2112244466014	128.627124599076	102.312255074096	127.045470305276	131.122109430924	113.645924337007	96.9662435045531	135.496848612514	108.418651776193	120.538393578626	154.964835568677	97.2393687359	83.2830080499374	105.356211544997
Tb927_03_v5.1	1538875	1539275	159.078420461992	142.539897916491	190.663364087599	187.819308416582	197.317776526644	207.142372031065	191.275985845315	187.093999416838	236.202366652542	192.383140747989	199.254185899934	187.362199582633	230.523522293843	184.768429926156	173.766880244035	173.799544229647	219.859856962058	222.435055983371	204.737394789429	220.182644352467
Tb927_03_v5.1	157140	157540	276.160137922019	235.09827318694	343.952375555754	234.633130033928	298.62268861312	275.347787212025	300.309528265283	232.021176908382	281.674480018806	234.126652419722	226.249914312183	311.758414059628	298.216937570607	223.261852827438	305.948524190353	263.502534799787	237.2024919896	252.82235871334	256.78927482064	294.760636794431
Tb927_03_v5.1	722830	723230	187.076222463303	222.140100649077	166.830443576649	284.831083334456	195.049756106797	273.242681805205	280.995015036603	310.182156927916	193.256481806625	154.269499656406	227.535425188957	218.077314268311	234.182625822317	212.483694415079	218.322490563019	231.265522563643	297.621994666196	241.882929730551	201.267269454015	187.036869933816
Tb927_03_v5.1	521929	522329	147.624774188729	135.135227894855	7006.33697293492	161.310276898325	7871.54287048052	293.872714792039	201.867815680398	260.33145313593	138.942568619142	130.675340885426	165.830903103816	153.575573428388	151.852796431659	175.530008429848	160.40019714834	155.578624270087	148.810997333098	159.229466305036	159.625765429047	164.545094435446
Tb927_03_v5.1	109430	109830	50.9050945478376	21.2884263122032	21.124634089251	33.8413168318165	12.8521157124634	18.10390649865	11.8379274627394	19.0786644142171	40.4196563255686	54.448058702261	26.9957284122491	35.3223818885292	29.2728282277896	24.6357906568207	37.1296752658195	37.8434491467779	30.7691911778962	27.9563185115713	27.7610026833125	15.3891095515165
Tb927_03_v5.1	1523165	1523565	175.62257619004	151.795735443536	194.454965077977	158.490167162341	164.053477035562	183.986212556047	181.930253637889	207.403545406166	178.099110684537	141.564952625879	168.401924857363	147.432550491252	150.023244667422	204.785009834822	179.707628286566	178.004371912622	147.132677814304	162.875942632633	163.095890764461	169.280205066681
Tb927_03_v5.1	1241013	1241413	229.072925465269	242.502943208576	238.329205109499	292.727390595213	266.870402735269	285.873314246124	359.49916557898	262.177775498596	277.885137238284	212.347428938818	217.251338174766	251.863940422556	241.500832879264	252.516854232413	264.363287892635	259.297707116812	325.034546806504	313.596964173278	366.676577108752	355.133297342688
Tb927_04_v5.1	1512383	1512783	376.697699653998	305.442638392481	247.537378943275	439.937118813615	240.410164503727	304.819262907502	255.450013669639	275.102032037259	496.40390424839	426.509793167711	393.366328292772	399.296490913809	351.273938733476	414.189230417799	494.567274540716	344.795870003977	339.579982636055	313.596964173278	341.228991315716	292.393081478813
Tb927_04_v5.1	768586	768986	207.438260282438	212.884263122032	192.288335940618	223.352691089989	219.997980725109	247.560395842004	236.758549254787	270.178505736816	156.626168261578	163.344176106783	254.531153601206	210.398535596891	208.568901123001	274.073171057131	212.381742520488	220.052648742375	223.216495999647	247.960390276545	266.042942381744	208.344867774377
Tb927_04_v5.1	813202	813602	187.076222463303	192.521420562533	144.622494918718	170.898650000673	191.26972207372	212.194625007432	213.705743143137	211.711630919054	170.520425123493	188.753270167838	206.967251160576	122.86045874271	153.682348195896	184.768429926156	191.589124371629	232.667131791301	187.971786104966	209.064642782185	215.147770795672	188.220647591625
Tb927_04_v5.1	1449307	1449707	173.077321462648	182.339999282784	221.537829294966	203.047900990899	244.190198536804	238.297932051997	329.592822515217	270.178505736816	179.362224944711	143.379887915954	224.964403435409	195.040978254053	197.59159053758	234.040011239797	206.440994477957	245.281614840227	232.167533433217	237.020961293756	222.0880214665	228.469087957129
Tb927_04_v5.1	375235	375635	198.529868736567	167.530659239512	136.497635653622	128.032982013706	139.861259223866	164.198221731941	143.924275994358	133.55065089952	130.100768797924	139.750017335803	132.407620307698	110.574412868439	182.955176423685	132.417374780412	151.489075084544	147.168968904136	132.587241984753	147.074545213049	158.469056983909	132.583097674604
Tb927_04_v5.1	1169927	1170327	53.4503492752295	21.2884263122032	46.5825264532202	16.9206584159083	53.6764832697	44.207213543215	52.3361003615846	46.7734998542096	31.5778565043505	25.4090940610551	30.8522610425704	35.3223818885292	31.1023799920265	24.6357906568207	26.7333661913901	37.8434491467779	27.9719919799057	36.4647632759625	35.8579617992786	40.2484403655047
Tb927_04_v5.1	612128	612528	159.078420461992	174.935329261148	167.372100860989	180.487023103021	176.14958594141	201.248076891969	192.522083472972	212.942512494165	188.204024765929	147.009758496105	201.825207653481	145.896794756969	171.977865838264	178.60948226195	142.577953020747	211.642993376425	185.734026746574	171.384387397024	192.013601892911	168.096427408872
Tb927_04_v5.1	1378307	1378707	66.1766229121889	89.7816240123353	95.8733393281392	112.804389439388	86.1847759541663	150.725547128295	171.961472616635	119.395512785746	95.9966837732255	61.7077998625625	110.553935402544	136.682260351265	120.750416439632	89.3047411309752	283.670719030861	109.325519757358	125.873963909575	115.471750373881	126.081220520044	93.5184349669079
Tb927_04_v5.1	1578487	1578887	510.323572842072	396.149846157521	349.368948399151	326.568707427029	335.667022137279	248.402438004732	257.319160111124	259.716012348374	473.667847565258	693.30528080879	335.518338837953	382.403177836686	354.933042261949	309.487120126311	448.5264772111	295.739547035931	219.859856962058	296.580074644495	286.863694394229	342.11174310679
Tb927_04_v5.1	108531	108931	195.984614009175	202.702841842283	211.24634089251	208.688120462868	235.118116857418	240.824058540181	223.674524164391	211.711630919054	176.835996424363	219.607170099119	217.251338174766	196.576733988337	173.807417602501	218.642642079284	197.52987241416	203.233338010474	219.30041712246	185.970292707409	170.036141435289	220.182644352467
Tb927_04_v5.1	827197	827597	169.25943937156	174.935329261148	175.496960126085	155.106035479159	169.345524681871	171.776601196493	173.207570244292	168.630775790177	154.09993974123	134.305211465577	160.688859596721	150.50406195982	128.06862349658	170.910797681694	163.370571169606	180.807590367939	169.510271398228	185.970292707409	204.737394789429	182.30175930258
Tb927_04_v5.1	401376	401776	151.442656279817	188.819085551715	166.288786292309	117.880586964161	168.589517875255	122.096113595546	130.840250903962	118.164631210635	114.943397675836	134.305211465577	97.6988266348062	148.968306225536	106.114002325737	113.940531787796	96.5371556911307	78.4901167488728	113.566287438417	89.9464160807075	102.947051617284	156.258650830783
Tb927_04_v5.1	273737	274137	125.990109005898	74.9722839690635	176.038617410425	47.9418655117401	167.83351106864	58.1009092282254	70.4045159626079	65.8521642684267	61.892598748527	119.785729144974	80.9871852367473	82.9308096513295	78.6707258621846	81.6060565507187	77.2297245529046	61.6708060169714	40.2796684510641	79.0069870979188	67.0890898180051	87.5995466778631
Tb927_04_v5.1	137293	137693	183.258340372215	215.661014380146	161.413870733251	220.532581354004	213.949926272185	162.093116325122	165.730984478351	175.400624453286	179.362224944711	203.272752488441	172.258457487685	144.361039022685	128.06862349658	157.053165437232	200.500246435425	168.193107319013	217.062657764068	160.444958414235	161.939182319323	146.788429568311
Tb927_04_v5.1	450978	451378	3.81788209108782	0	0.54165728433977	0.564021947196942	3.78003403307747	5.47327405773138	3.73829288297033	5.53896708799851	0	3.62987058015073	1.28551087677377	3.07151146856776	1.82955176423685	3.07947383210259	0	1.40160922765844	1.11887967919623	2.4309842183975	3.47012533541406	3.55133297342688
Tb927_04_v5.1	1162043	1162443	175.62257619004	172.158578003035	183.621819391182	180.487023103021	169.345524681871	196.195823915602	204.360010935711	183.401354691506	199.572053107495	130.675340885426	154.261305212852	136.682260351265	151.852796431659	177.069745345899	179.707628286566	185.012418050914	169.510271398228	182.323816379813	159.625765429047	176.382871013535
Tb927_05_v5.1	1189854	1190254	148.897401552425	138.837562905673	164.66381443929	97.011774917874	158.761429389254	89.2564692491579	95.3264685157434	91.7006773457531	111.154054895314	128.860405595351	89.9857613741636	78.3235424484779	140.875485846238	107.781584123591	96.5371556911307	68.6788521552637	101.818050806857	102.101337172695	93.6933840561795	131.399320016795
Tb927_05_v5.1	1134791	1135191	167.986812007864	206.405176853101	215.037941882889	206.432032674081	202.609824172952	226.088320692442	257.319160111124	188.940321779505	214.729424229583	157.899370236557	172.258457487685	195.040978254053	245.159936407738	195.546588338515	267.333661913901	213.044602604083	193.566184500947	209.064642782185	245.22219036926	218.998866694658
Tb927_05_v5.1	510422	510822	99.2649343682833	109.21888281913	163.58049987061	54.7101288781034	154.981395356176	77.8889000523312	74.1428088455782	83.699947107533	71.9975128299192	125.2305350152	73.2741199761047	135.146504616981	126.239071732343	87.7650042149239	114.359399818724	67.2772429276052	80.5593369021283	64.4210817875338	92.5366756110415	101.804878571571
Tb927_05_v5.1	1328743	1329143	211.256142373526	236.949440692349	206.371425333452	315.28826848309	201.853817366337	337.65890725389	269.157087573864	268.33218337415	309.462993742635	248.646134740325	290.525458150871	271.828764968247	287.239626985186	306.407646294208	300.007776147822	361.615180735878	358.041497342792	339.122298466451	329.661906864335	220.182644352467
Tb927_05_v5.1	1059922	1060322	150.170028916121	148.093400432718	140.289236644	169.770606106279	147.421327290021	172.61864335922	176.945863127262	174.785183665731	189.467139026103	143.379887915954	179.971522748327	155.111329162672	135.386830553527	158.592902353284	136.637204978216	137.357704310527	191.887864982153	188.401276925806	153.842223203356	160.993761462019
Tb927_05_v5.1	1613029	1613429	87.8112880950198	79.6002027325859	41.7076108941623	94.1916651818893	58.9685309160085	68.2054151809603	52.959149175413	58.466874817762	83.3655411714853	68.9675410228639	65.5610547154621	82.9308096513295	62.204759984053	75.4471088865135	90.5964076485996	78.4901167488728	58.1817433182038	72.929526551925	67.0890898180051	72.2104371263466
Tb927_05_v5.1	1266170	1266570	195.984614009175	155.498070454354	212.871312745529	191.76746204696	186.733681234027	234.929763401085	204.98305974954	238.791025571491	210.940081449061	185.123399587687	206.967251160576	202.719756925472	197.59159053758	221.722115911387	182.678002307832	229.863913335984	193.006744661349	234.589977075359	223.244729911638	221.366422010276
Tb927_05_v5.1	1254695	1255095	147.624774188729	156.423654207058	143.539180350039	194.587571782945	162.541463422331	187.775402288323	184.422448893203	175.400624453286	181.888453465059	121.60066443505	170.972946610911	165.861619302659	192.102935244869	146.275007024873	188.618750350363	154.177015042429	177.9018689922	160.444958414235	171.192849880427	176.382871013535
Tb927_05_v5.1	190946	191346	208.710887646134	206.405176853101	245.912407090255	175.410825578249	245.702212150035	271.558597479749	256.696111297296	164.322690277289	209.676967188887	217.792234809044	142.691707321888	328.65172713675	226.86441876537	183.228693010104	237.629921701245	168.193107319013	193.006744661349	185.970292707409	198.953852563739	205.977312458759
Tb927_05_v5.1	865914	866314	162.89630255308	167.530659239512	163.038842586271	173.718759736658	180.685626781103	194.511739590146	208.098303818682	219.096920369719	205.887624408365	165.159111396858	185.113566255422	195.040978254053	168.31876230979	189.38764067431	204.955807467324	186.414027278573	189.090665784162	226.081532310968	203.580686344291	142.053318937075
Tb927_05_v5.1	1732310	1732710	108.173325914155	117.54913659347	114.831344280031	143.82559653522	87.6967895673972	94.7297433068893	90.3420780051163	94.77788128353	136.416340098794	170.603917267084	118.267000663186	102.89563419702	113.432209382685	103.162373375437	152.974262095176	91.1045997977987	82.2376564209226	100.885845063496	109.887302288112	99.4373232559527
Tb927_05_v5.1	8066	8466	110.718580641547	123.102639109697	114.831344280031	130.85309174969	83.9167555343198	135.147767117829	137.693787856074	136.012414049741	143.995025659838	137.935082045728	177.40050099478	127.467725945562	150.023244667422	112.400794871745	160.40019714834	110.727128985017	101.818050806857	120.333718810676	119.140969849216	95.8859902825258
Tb927_05_v5.1	418999	419399	217.619279192006	229.544770670713	232.370974981761	159.618211056735	227.558048791264	253.033669899735	236.758549254787	228.943972970605	183.151567725233	212.347428938818	197.96867502316	230.363360142582	212.228004651475	230.960537407695	209.411368499222	229.863913335984	229.929774074824	220.004071764974	224.401438356776	262.798640033589
Tb927_05_v5.1	1311447	1311847	167.986812007864	157.349237959763	153.289011468155	199.09974736052	151.957368129714	161.251074162394	187.537692962345	196.941052017725	181.888453465059	147.009758496105	190.255609762517	139.753771819833	177.466521130975	184.768429926156	172.281693233403	175.201153457305	176.223549473406	166.522418960229	193.170310338049	147.97220722612
Tb927_05_v5.1	1051738	1052138	138.716382642857	157.349237959763	194.996622362317	152.285925743174	187.489688040642	156.61984226739	153.893057015612	168.015335002621	157.889282521753	170.603917267084	152.975794336078	188.897955316917	182.955176423685	190.927377590361	142.577953020747	159.783451953062	163.356433162649	162.875942632633	173.506266770703	159.80998380421
Tb927_05_v5.1	11252	11652	125.990109005898	43.5024363771109	88.2901373473824	47.3778435645431	65.0165853689324	40.8390448923034	33.0215871329046	38.7727696159896	59.366370228179	96.1915703739945	57.8479894548195	50.679939231368	54.8865529271055	55.4305289778467	59.4074804253112	46.2531045127286	32.4475106966906	46.1887001495525	41.6415040249687	52.0862169435943
Tb927_05_v5.1	422505	422905	203.62037819135	247.130861972098	196.621594215336	276.934776073698	244.94620534342	303.135178582046	243.6120862069	236.32926242127	197.045824587147	168.788981977009	249.389110094111	238.042138814001	245.159936407738	235.579748155848	259.907726860737	196.225291872182	297.062554826598	250.391374494943	266.042942381744	229.652865614938
Tb927_05_v5.1	1023933	1024333	99.2649343682833	145.316649174604	127.831119104186	110.548301650601	130.033170737865	96.8348487137091	77.8811017285485	100.316848371529	102.312255074096	185.123399587687	91.2712722509374	158.18284063124	148.193692903185	110.861057955693	147.033514052645	89.7029905701403	128.671163107566	102.101337172695	101.790343172146	112.458877491851
Tb927_05_v5.1	944012	944412	162.89630255308	202.702841842283	176.038617410425	254.937920133018	168.589517875255	264.822260177926	274.141478084491	256.638808410598	229.886795351672	183.308464297612	206.967251160576	207.327024128324	199.421142301817	263.295012644772	213.86692953112	252.28966097852	274.125521403075	257.684327150135	225.558146801914	209.528645432186
Tb927_05_v5.1	1680660	1681060	90.3565428224117	47.2047713879289	77.4569916605871	32.7132729374226	61.236551335855	31.9976021836604	26.1680501807923	32.0029209528803	61.892598748527	96.1915703739945	26.9957284122491	50.679939231368	45.7387941059213	33.8742121531285	43.0704233083506	23.8273568701935	19.0209545463358	35.2492711667638	33.5445449090025	55.6375499170212
Tb927_05_v5.1	1684804	1685204	33.0883114560944	22.2140100649077	25.9995496483089	16.9206584159083	24.1922178116958	21.4720751495616	13.0840250903962	19.6941052017725	22.7360566831324	39.9285763816581	10.2840870141901	19.9648245456904	34.7614835205002	20.0165799086669	29.7037402126556	12.614483048926	15.6643155087472	7.2929526551925	15.0372097867942	16.5728872093255
Tb927_05_v5.1	1512750	1513150	166.714184644168	90.7072077650398	120.789574407769	100.959928548253	90.7208167938592	77.8889000523312	71.6506135902646	80.0073023822007	128.83765453775	205.087687778516	120.838022416734	104.431389931304	91.4775882118426	117.020005619899	167.826132201504	100.915864391408	76.6432580249415	83.8689555347138	78.6561742693853	126.664209385559
Tb927_05_v5.1	1594686	1595086	148.897401552425	55.5350251622692	90.9984237690813	76.1429628715871	89.2088031806282	54.3117194959499	57.9435396860401	57.2359932426512	111.154054895314	166.974046686934	73.2741199761047	87.5380768541811	104.284450561501	73.9073719704623	93.5667816698652	65.8756336999468	49.230705884634	66.8520660059313	65.9323813728671	74.5779924419645
Tb927_05_v5.1	795193	795593	198.529868736567	213.809846874737	215.579599167228	229.556932509155	259.310334669114	232.824657994266	241.742939765415	272.024828099482	198.308938847321	174.233787847235	200.539696776708	247.256673219705	197.59159053758	237.1194850719	201.985433446058	248.084833295544	233.845852952011	252.82235871334	270.669776162296	233.204198588365
Tb927_05_v5.1	197904	198304	225.255043374181	206.405176853101	288.161675268757	153.977991584765	284.258559287426	188.617444451051	208.72135263251	175.400624453286	219.78188127028	241.386393580024	173.543968364458	202.719756925472	225.034867001133	164.751850017489	172.281693233403	159.783451953062	161.118673804257	204.20267434539	193.170310338049	187.036869933816
Tb927_05_v5.1	354281	354681	95.4470522771955	75.897867721768	164.66381443929	78.3990506603749	145.153306870175	131.779598466917	132.086348531618	125.549920661299	63.155713008701	41.7435116717334	80.9871852367473	116.717435805575	109.773105854211	133.957111696463	92.0815946592324	103.719082846725	77.2026978645396	121.549210919875	84.4397164950754	114.826432807469
Tb927_05_v5.1	455952	456352	206.165632918742	219.363349390963	212.871312745529	177.666913367037	220.753987531724	253.454690981099	272.895380456834	254.177045260376	198.308938847321	190.568205457914	212.109294667671	227.291848674014	219.546211708422	244.818169652156	200.500246435425	190.618854961548	216.50321792447	264.977279805328	252.162441040088	194.13953588067
Tb927_05_v5.1	1463817	1464217	139.989010006553	81.4513702379949	116.45631613305	67.682633663633	101.304912086476	65.2582676114126	63.5509790104956	64.0058419057605	64.418827268875	145.194823206029	83.5582069902948	47.6084277628003	80.5002776264215	69.2881612223084	95.051968680498	49.0563229680455	48.1118262054377	75.3605107703225	76.3427573791092	78.1293254153914
Tb927_06_v5.1	1441795	1442195	150.170028916121	72.19553271095	238.329205109499	76.1429628715871	164.809483842178	79.151963296423	95.3264685157434	83.0845063199776	108.627826374966	154.269499656406	80.9871852367473	116.717435805575	104.284450561501	81.6060565507187	105.448277754927	84.0965536595065	55.3845441202132	77.79149498872	82.1262996047993	111.275099834042
Tb927_06_v5.1	1216652	1217052	157.805793098297	170.307410497626	171.705359135707	138.185377063251	182.197640394334	143.147167663744	127.72500683482	111.394782547526	135.15322583862	212.347428938818	123.409044170282	130.53923741413	164.659658781317	126.258427116206	127.726082914419	113.530347440334	120.839005353192	120.333718810676	133.021471190872	134.950652990222
Tb927_06_v5.1	1017629	1018029	217.619279192006	137.911979152969	195.538279646657	160.182233003931	188.245694847258	178.93395957968	189.40683940383	220.943242732385	213.466309969409	226.866911259421	191.541120639291	195.040978254053	190.273383480633	207.864483666925	170.79650622277	187.815636506231	171.188590917023	164.091434741831	187.386768112359	178.750426329153
Tb927_06_v5.1	347324	347724	117.081717460026	82.3769539906994	151.664039615135	29.329141254241	169.345524681871	30.3135178582046	39.8751240850168	29.5411578026587	74.5237413502672	168.788981977009	37.2798154264392	105.967145665588	65.8638635125267	53.8907920617954	89.1112206379668	33.6386214638026	29.0908716591019	43.757715931155	46.2683378055208	81.6806583888183
Tb927_06_v5.1	654386	654786	235.436062283749	267.493704531597	249.162350796294	299.495653961576	245.702212150035	334.711759684342	323.985383190762	278.179235975036	269.043337417066	203.272752488441	257.102175354753	234.970627345434	294.557834042133	258.675801896618	282.185532020228	263.502534799787	327.831746004494	314.812456282476	296.117361955333	295.94441445224
Tb927_06_v5.1	818500	818900	164.168929916776	175.860913013853	158.163927027213	223.352691089989	165.565490648793	192.82765526469	178.815009568747	172.323420515509	180.625339204885	159.714305526632	185.113566255422	199.648245456904	204.909797594527	203.245272918771	181.192815297199	185.012418050914	247.831848941964	196.909721690198	204.737394789429	189.404425249434
Tb927_06_v5.1	839971	840371	193.439359281783	163.828324228694	148.955753193437	179.923001155824	147.421327290021	154.935757941934	185.66854652086	168.015335002621	199.572053107495	190.568205457914	161.974370473495	199.648245456904	164.659658781317	161.672376185386	154.459449105809	194.823682644523	175.664109633808	148.290037322248	141.118430306838	149.155984883929
Tb927_06_v5.1	608194	608594	180.713085644823	200.851674336874	212.871312745529	241.965415347488	227.558048791264	237.034868807905	246.104281462213	260.946893923485	197.045824587147	185.123399587687	206.967251160576	172.004642239794	186.614279952159	204.785009834822	182.678002307832	211.642993376425	243.915770064777	244.313913948949	220.931313021362	218.998866694658
Tb927_06_v5.1	1596890	1597290	25.4525472739188	28.6930963338391	9.20817383377608	45.1217557757553	17.3881565521563	20.6300329868337	19.31451322868	15.3860196888847	40.4196563255686	49.0032528320349	32.1377719193441	27.6436032171098	31.1023799920265	35.4139490691798	38.6148622764523	33.6386214638026	32.4475106966906	23.0943500747763	26.6042942381744	18.9404425249434
Tb927_06_v5.1	1461354	1461754	162.89630255308	92.5583752704487	135.955978369282	81.2191603963596	106.596959732785	77.0468578896033	80.3732969838621	79.3918615946453	117.469626196184	179.678593717461	92.5567831277112	127.467725945562	93.3071399760794	80.0663196346674	123.270521882521	68.6788521552637	62.6572620349887	77.79149498872	75.1860489339712	112.458877491851
Tb927_06_v5.1	452616	453016	164.168929916776	186.042334293602	176.038617410425	175.974847525446	200.341803753106	201.248076891969	203.736962121883	166.784453427511	161.678625302275	117.970793854899	168.401924857363	175.076153708362	131.727727025053	175.530008429848	200.500246435425	185.012418050914	190.209545463358	147.074545213049	153.842223203356	155.074873172974
Tb927_06_v5.1	1411121	1411521	208.710887646134	180.488831777375	159.247241595892	214.892361882035	185.977674427411	223.141173122895	260.434404180266	252.946163685265	214.729424229583	168.788981977009	219.822359928314	211.934291331175	184.784728187922	218.642642079284	207.926181488589	225.659085653009	199.720022736526	240.667437621353	212.834353905395	192.955758222861
Tb927_06_v5.1	656087	656487	222.709788646789	169.381826744921	218.287885588927	184.999198680597	257.042314249268	220.615046634711	260.434404180266	209.249867768833	194.519596066799	148.82469378618	187.68458800897	195.040978254053	168.31876230979	215.563168247182	234.659547679979	234.06874101896	186.85290642577	235.805469184558	220.931313021362	226.101532641511
Tb927_06_v5.1	544463	544863	162.89630255308	193.447004315238	232.912632266101	122.392762541736	237.386137277265	137.673893606012	162.615740409209	155.706519251514	146.521254180186	150.639629076255	155.546816089626	127.467725945562	107.943554089974	132.417374780412	132.181643946317	123.341612033943	149.370437172696	138.566100448658	156.155640093633	157.442428488592
Tb927_06_v5.1	542252	542652	197.257241372871	192.521420562533	180.913532969483	179.923001155824	178.417606361256	205.458287705609	196.260376355942	201.864578318168	221.044995530454	172.41885255716	186.399077132196	148.968306225536	186.614279952159	221.722115911387	147.033514052645	192.020464189207	200.838902415723	148.290037322248	172.349558325565	183.485536960389
Tb927_06_v5.1	1524033	1524433	5.09050945478376	1.85116750540897	0	6.7682633663633	0	0	0	0	7.57868556104412	3.62987058015073	3.8565326303213	7.6787786714194	0	1.5397369160513	7.4259350531639	1.40160922765844	2.79719919799057	4.861968436795	3.47012533541406	5.9188882890448
Tb927_06_v5.1	1224782	1225182	139.989010006553	170.307410497626	142.997523065699	139.877442904842	154.225388549561	147.357378477383	138.939885483731	143.397703500406	130.100768797924	130.675340885426	134.978642061245	129.003481679846	109.773105854211	127.798164032258	115.844586829357	117.735175123309	145.454358295509	130.057655684266	126.081220520044	134.950652990222
Tb927_06_v5.1	719962	720362	39.4514482745741	28.6930963338391	41.1659536098225	17.4846803631052	37.0443335241592	26.103307044565	38.0059776435317	29.5411578026587	30.3147422441765	29.0389646412059	26.9957284122491	23.0363360142582	27.4432764635528	15.397369160513	20.7926181488589	26.6305753255104	22.3775935839245	23.0943500747763	27.7610026833125	31.9619967608419
Tb927_06_v5.1	394753	395153	194.711986645479	194.372588067942	182.538504822502	224.480734984383	161.0294498091	247.981416923368	261.057452994095	248.022637384822	189.467139026103	137.935082045728	240.390533956694	224.220337205446	212.228004651475	215.563168247182	227.233612626815	246.683224067886	267.412243327898	227.297024420166	226.714855247052	252.144641113309
Tb927_06_v5.1	1485144	1485544	16.5441557280472	24.9907613230212	2.16662913735908	38.917514356589	3.02402722646197	9.26246379000695	6.23048813828388	4.30808551288773	31.5778565043505	25.4090940610551	21.853684905154	21.5005802799743	16.4659658781317	16.9371060765643	25.2481791807573	28.0321845531688	26.8531123007094	23.0943500747763	17.3506266770703	14.2053318937075
Tb927_06_v5.1	740483	740883	194.711986645479	215.661014380146	197.704908784016	196.279637624536	223.022007951571	235.771805563813	226.166719419705	217.250598007053	185.677796245581	183.308464297612	195.397653269612	205.79126839404	203.080245830291	172.450534597745	164.855758180239	220.052648742375	213.706018726479	228.512516529365	189.700185002635	210.712423089995
Tb927_06_v5.1	1431431	1431831	86.5386607313239	115.697969088061	87.2068227787029	91.9355773931015	88.4527963740127	111.570586561447	124.609762765678	97.855085221307	97.2597980333996	98.0065056640698	105.411891895449	99.8241227284522	96.9662435045531	90.8444780470265	148.518701063278	89.7029905701403	81.1187767417264	100.885845063496	96.0068009464556	84.0482137044362
Tb927_06_v5.1	815324	815724	132.353245824378	133.284060389446	206.913082617792	89.1154676571168	161.0294498091	103.571186015532	125.855860393334	136.012414049741	130.100768797924	172.41885255716	123.409044170282	152.039817694104	133.55727878929	113.940531787796	100.992716723029	114.931956667992	106.85300936324	122.764703029074	113.357427623526	116.010210465278
Tb927_06_v5.1	1340536	1340936	187.076222463303	157.349237959763	206.371425333452	99.2678627066618	197.317776526644	146.094315233291	135.20159260076	136.627854837297	150.310596960708	156.084434946482	127.265576800603	118.253191539859	140.875485846238	113.940531787796	120.300147861255	113.530347440334	105.734129684043	126.41117935667	121.454386739492	179.934203986962
Tb927_06_v5.1	435073	435473	190.894104554391	174.935329261148	201.496509774394	157.926145215144	187.489688040642	200.827055810605	195.014278728285	173.55430209062	152.836825481056	132.490276175502	161.974370473495	156.647084896956	197.59159053758	178.60948226195	160.40019714834	179.405981140281	200.279462576125	166.522418960229	166.566016099875	181.117981644771
Tb927_06_v5.1	1503159	1503559	64.9039955484929	62.0141114312006	57.9573294243553	56.4021947196942	49.8964492366226	34.5237286718441	48.5978074786143	44.9271774915434	82.1024269113113	85.3019586335422	70.7030982225571	67.5732523084907	58.5456564555792	58.5100028099493	66.8334154784751	60.269196789313	33.5663903758868	70.4985423335275	72.8726320436952	73.3942147841556
Tb927_06_v5.1	256694	257094	162.89630255308	190.670253057124	193.371650509298	226.736822773171	225.290028371417	272.400639642477	317.754895052478	294.180696451476	181.888453465059	157.899370236557	245.532577463789	187.362199582633	159.171003488606	274.073171057131	230.203986648081	263.502534799787	237.761931829198	266.192771914526	278.766735278263	241.490642193028
Tb927_06_v5.1	1203812	1204212	151.442656279817	199.000506831465	165.747129007969	297.239566172788	151.201361323099	243.771206109728	224.920621792048	238.791025571491	236.202366652542	165.159111396858	230.106446942504	201.184001191188	219.546211708422	244.818169652156	234.659547679979	224.257476425351	273.006641723879	246.744898167346	235.968522808156	226.101532641511
Tb927_06_v5.1	1587096	1587496	86.5386607313239	49.9815226460423	47.12418373756	49.0699094061339	61.9925581424705	13.8936956850104	18.6914644148516	20.9249867768832	59.366370228179	81.6720880533915	43.707369810308	47.6084277628003	34.7614835205002	40.0331598173337	51.9815453721473	37.8434491467779	29.0908716591019	27.9563185115713	31.2311280187265	46.1673286545495
Tb927_06_v5.1	906127	906527	197.257241372871	137.911979152969	164.12215715495	163.002342739916	175.393579134794	139.778999012832	145.793422435843	139.705058775073	165.467968082797	172.41885255716	152.975794336078	144.361039022685	146.364141138948	161.672376185386	161.885384158973	145.767359676478	179.580188510994	175.03086372462	149.215389422804	131.399320016795
Tb927_06_v5.1	65688	66088	6.3631368184797	7.4046700216359	11.3748029711352	0.564021947196942	13.6081225190789	17.261864335922	20.5606108563368	9.84705260088623	20.2098281627843	12.7045470305276	8.99857613741636	10.7502901399872	23.7841729350791	16.9371060765643	22.2778051594917	16.8193107319013	4.4755187167849	7.2929526551925	25.4475857930364	13.0215542358986
Tb927_06_v5.1	1549746	1550146	441.601695202491	436.875531276518	311.452938495368	782.862462709355	334.155008524048	522.066140891301	559.497834817893	462.196031454098	505.245704069608	479.142916579897	452.499828624366	443.833407208041	411.649146953292	434.205810326466	604.471113327542	496.169666591088	636.083097623055	413.267317127575	406.004664243445	368.154851578587
Tb927_06_v5.1	1454554	1454954	151.442656279817	116.623552840765	147.872438624757	128.597003960903	158.005422582638	111.991607642811	115.264030558252	107.086697034638	155.363054001404	196.01301132814	113.124957156091	156.647084896956	148.193692903185	129.337900948309	139.607578999481	121.940002806284	97.9019719296698	97.2393687359	107.573885397836	91.15087965129
Tb927_06_v5.1	1449118	1449518	327.065232469856	268.419288284301	299.536478239893	315.852290430287	201.853817366337	302.293136419318	264.172697063237	236.944703208825	415.564591597253	341.207834534169	334.232827961179	265.685742031111	290.898730513659	275.612907973182	356.444882551867	302.747593174223	248.391288781562	286.856137770905	299.587487290747	274.636416611679
Tb927_06_v5.1	54594	54994	293.976921013762	568.308424160555	339.619117281035	536.384871784292	354.567192302666	613.848736628643	687.84589046654	396.959307973226	579.769445419875	441.029275488314	483.352089666936	486.83456776799	508.615390457845	483.477391640107	445.556103189834	503.177712729381	599.160068209579	455.809540949531	466.153503390622	407.219514286282
Tb927_06_v5.1	1166762	1167162	174.349948826344	165.679491734103	127.831119104186	142.697552640826	164.053477035562	146.936357396019	119.002323441222	131.704328536853	183.151567725233	199.64288190829	127.265576800603	150.50406195982	157.341451724369	140.116059360668	132.181643946317	138.759313538186	131.468362305557	130.057655684266	148.058680977666	147.97220722612
Tb927_07_v5.1	437006	437406	173.077321462648	149.944567938127	127.289461819846	164.13038663431	179.173613167872	162.514137406486	175.699765499605	177.246946815952	175.572882164189	165.159111396858	170.972946610911	170.468886505511	137.216382317764	166.29158693354	142.577953020747	145.767359676478	182.936827548583	200.556198017794	171.192849880427	156.258650830783
Tb927_07_v5.1	315083	315483	164.168929916776	209.181928111214	187.41342038156	197.971703466127	237.386137277265	226.088320692442	257.942208924953	241.868229509268	194.519596066799	172.41885255716	244.247066587016	175.076153708362	151.852796431659	194.006851422463	179.707628286566	224.257476425351	205.314421132508	183.539308489011	187.386768112359	160.993761462019
Tb927_07_v5.1	298722	299122	212.528769737222	275.823958305937	244.287435237236	297.239566172788	225.290028371417	314.081726697508	270.40318520152	230.174854545716	342.303964507159	281.314969961682	240.390533956694	353.223818885292	332.978421091107	266.374486476874	243.570669743776	284.526673214664	325.593986646102	289.287121989303	266.042942381744	249.777085797691
Tb927_07_v5.1	917199	917599	157.805793098297	243.42852696128	219.371200157607	321.492509902257	179.929619974487	215.14177257698	292.832942499342	248.022637384822	194.519596066799	161.529240816708	212.109294667671	179.683420911214	171.977865838264	209.404220582976	203.470620456691	232.667131791301	319.440148410523	251.606866604141	240.595356588708	196.507091196287
Tb927_07_v5.1	1134314	1134714	169.25943937156	134.209644142151	176.580274694765	155.106035479159	169.345524681871	168.829453626945	125.855860393334	147.705789013294	174.309767904015	181.493529007537	161.974370473495	230.363360142582	265.285005814343	158.592902353284	201.985433446058	156.980233497746	182.377387708985	164.091434741831	183.916642776945	169.280205066681
Tb927_07_v5.1	1599330	1599730	141.261637370249	104.590964055607	101.831569455877	93.6276432346923	116.425048218786	133.042661711009	134.578543786932	136.627854837297	119.995854716532	132.490276175502	104.126381018675	135.146504616981	155.511899960132	120.099479452001	139.607578999481	149.972187359453	110.769088240426	115.471750373881	136.491596526286	143.237096594884
Tb927_07_v5.1	1145653	1146053	202.347750827654	188.819085551715	158.163927027213	287.65119307044	187.489688040642	225.246278529715	247.973427903698	259.716012348374	219.78188127028	174.233787847235	242.961555710242	153.575573428388	232.35307405808	252.516854232413	215.352116541753	260.69931634447	260.698965252721	251.606866604141	247.535607259536	184.669314618198
Tb927_07_v5.1	1962698	1963098	622.314780847315	609.034109279553	499.949673445607	862.953579211321	525.424730597768	472.806674371719	880.991022753341	524.355550997192	793.235755389285	762.272821831654	629.900329619145	1243.96214476994	1209.33371616056	829.918197751649	1234.19040583584	640.535417039908	766.992020089013	732.941741846847	665.107355954361	645.158823505884
Tb927_07_v5.1	673616	674016	188.348849826999	191.595836809829	186.330105812881	225.608778878777	142.129279643713	253.033669899735	244.235135020728	225.866769032828	181.888453465059	170.603917267084	208.25276203735	181.219176645498	177.466521130975	203.245272918771	200.500246435425	217.249430287059	238.321371668796	230.943500747763	205.894103234567	203.609757143141
Tb927_07_v5.1	779250	779650	199.802496100263	200.851674336874	215.037941882889	236.325195875519	170.857538295102	238.718953133361	200.621718052741	222.174124307496	185.677796245581	192.383140747989	192.826631516065	193.505222519769	175.636969366738	206.324746750874	227.233612626815	234.06874101896	245.594089583572	215.142103328179	223.244729911638	187.036869933816
Tb927_07_v5.1	1108264	1108664	147.624774188729	161.051572970581	203.121481627414	188.383330363779	207.901871819261	154.514736860571	185.66854652086	191.402084929726	164.204853822623	172.41885255716	168.401924857363	170.468886505511	137.216382317764	197.086325254566	144.06314003138	190.618854961548	189.090665784162	178.677340052216	182.759934331807	182.30175930258
Tb927_07_v5.1	185783	186183	155.260538370905	210.107511863919	145.705809487398	196.843659571733	182.953647200949	197.03786607833	209.344401446338	212.942512494165	179.362224944711	156.084434946482	186.399077132196	170.468886505511	179.296072895211	187.847903758258	176.737254265301	234.06874101896	223.775935839245	204.20267434539	188.543476557497	170.46398272449
Tb927_07_v5.1	1355057	1355457	159.078420461992	226.768019412599	226.412744854024	204.73996683249	218.485967111878	220.615046634711	212.45964551548	187.709440204394	223.571224050802	161.529240816708	178.686011871553	179.683420911214	199.421142301817	200.165799086669	197.52987241416	203.233338010474	227.692014716432	222.435055983371	216.30447924081	204.79353480095
Tb927_07_v5.1	814040	814440	152.715283643513	183.265583035488	158.163927027213	206.996054621278	172.369551908333	223.141173122895	202.490864494226	201.864578318168	154.09993974123	165.159111396858	155.546816089626	187.362199582633	151.852796431659	224.801589743489	185.648376329098	207.438165693449	223.775935839245	179.892832161415	174.662975215841	178.750426329153
Tb927_07_v5.1	438217	438617	148.897401552425	105.516547808312	113.206372427012	170.898650000673	141.373272837097	160.83005308103	128.348055648648	154.475637676403	170.520425123493	157.899370236557	134.978642061245	164.325863568375	166.489210545554	155.513428521181	139.607578999481	138.759313538186	171.748030756621	154.367497868241	144.588555642252	156.258650830783
Tb927_07_v5.1	460149	460549	216.34665182831	159.200405465172	189.03839223458	174.282781683855	198.073783333259	159.145968755574	173.207570244292	179.093269178618	202.098281627843	194.198076038064	177.40050099478	168.933130771227	203.080245830291	186.308166842207	175.252067254668	165.389888863696	189.090665784162	144.643560994651	163.095890764461	164.545094435446
Tb927_07_v5.1	90607	91007	184.530967735911	117.54913659347	137.580950222301	152.849947690371	154.981395356176	161.672095243758	151.400861760298	151.398433738626	169.257310863319	143.379887915954	182.542544501875	162.790107834091	144.534589374711	149.354480856976	187.13356333973	148.570578131795	152.167636370687	159.229466305036	122.61109518463	150.339762541738
Tb927_07_v5.1	760745	761145	145.079519461337	139.763146658378	169.538729998348	145.517662376811	161.0294498091	151.146568209659	157.008301084754	144.628585075517	137.679454358968	127.045470305276	140.12068556834	148.968306225536	144.534589374711	135.496848612514	114.359399818724	138.759313538186	167.272512039836	148.290037322248	157.312348538771	181.117981644771
Tb927_07_v5.1	502262	502662	278.705392649411	83.3025377434039	360.202094085947	54.1461069309064	272.918457188193	87.993406005066	135.824641414589	138.474177199963	142.731911399664	272.240293511305	82.272696113521	182.754932379782	184.784728187922	103.162373375437	141.092766010114	82.6949444318481	52.5873449222226	123.980195138273	111.04401073325	177.566648671344
Tb927_07_v5.1	409278	409678	138.716382642857	99.0374615393801	111.039743289653	96.447752970677	153.469381742945	85.8883005982463	96.5725661434002	108.317578609749	94.7335695130515	130.675340885426	115.695978909639	101.359878462736	80.5002776264215	78.5265827186161	90.5964076485996	89.7029905701403	99.5802914484641	87.51543186231	93.6933840561795	111.275099834042
Tb927_07_v5.1	532629	533029	216.34665182831	144.3910654219	203.121481627414	193.459527888551	201.853817366337	170.934559033765	178.191960754919	227.097650607939	198.308938847321	223.23704067927	195.397653269612	175.076153708362	241.500832879264	194.006851422463	193.074311382261	190.618854961548	204.754981292909	173.815371615421	181.603225886669	207.161090116568
Tb927_08_v5.1	109922	110322	120.899599551114	85.1537052488128	87.2068227787029	79.5270945547688	89.9648099872437	77.4678789709672	78.5041505423769	68.3139274186483	117.469626196184	125.2305350152	92.5567831277112	90.6095883227489	82.3298293906583	101.622636459386	109.903838786826	78.4901167488728	67.1327807517736	71.7140344427263	71.7159235985572	92.3346573090989
Tb927_08_v5.1	2284737	2285137	159.078420461992	89.7816240123353	158.705584311552	46.2497996701492	158.761429389254	58.5219303095894	64.174027824324	87.3925918328653	63.155713008701	127.045470305276	74.5596308528784	81.3950539170456	84.1593811548952	80.0663196346674	62.3778544465768	64.4740244722883	38.6013489322698	82.653463425515	52.0518800312108	87.5995466778631
Tb927_08_v5.1	256169	256569	129.807991096986	78.6746189798814	130.539405525884	35.5333826734073	142.129279643713	38.3129184041197	28.6602454361059	41.2345327662111	55.5770274476569	148.82469378618	39.8508371799867	62.965985105639	40.2501388132107	38.4934229012824	49.0111713508818	43.4498860574117	27.4125521403075	37.6802553851613	52.0518800312108	75.7617700997735
Tb927_08_v5.1	1140331	1140731	187.076222463303	188.819085551715	169.538729998348	226.736822773171	160.273443002485	192.82765526469	201.867815680398	206.172663831056	181.888453465059	132.490276175502	203.110718530255	178.14766517693	164.659658781317	187.847903758258	173.766880244035	222.855867197692	213.146578886881	211.495627000583	217.461187685948	184.669314618198
Tb927_08_v5.1	332645	333045	173.077321462648	183.265583035488	168.455415429668	194.587571782945	172.369551908333	192.82765526469	218.690133653764	240.021907146602	200.835167367669	157.899370236557	262.244218861848	188.897955316917	192.102935244869	221.722115911387	227.233612626815	228.462304108326	189.65010562376	217.573087546576	209.364228569981	184.669314618198
Tb927_08_v5.1	2372582	2372982	125.990109005898	150.870151690831	132.706034663244	177.666913367037	147.421327290021	191.564592020598	157.008301084754	166.784453427511	147.78436844036	117.970793854899	132.407620307698	195.040978254053	173.807417602501	132.417374780412	160.40019714834	138.759313538186	198.60114305733	173.815371615421	157.312348538771	150.339762541738
Tb927_08_v5.1	1026825	1027225	208.710887646134	185.116750540897	195.538279646657	203.611922938096	169.345524681871	187.775402288323	170.715374988978	184.016795479062	161.678625302275	166.974046686934	191.541120639291	156.647084896956	153.682348195896	172.450534597745	187.13356333973	172.397935001988	209.789939849292	170.168895287825	217.461187685948	178.750426329153
Tb927_08_v5.1	517029	517429	183.258340372215	211.033095616623	213.412970029869	200.791813202111	201.853817366337	226.93036285517	256.696111297296	241.868229509268	159.152396781927	136.120146755653	212.109294667671	191.969466785485	157.341451724369	218.642642079284	173.766880244035	207.438165693449	187.412346265368	204.20267434539	194.327018783187	207.161090116568
Tb927_08_v5.1	402973	403373	136.171127915466	152.72131919624	121.872888976448	106.600148020222	113.401020992324	132.200619548281	130.217202090133	124.934479873744	108.627826374966	98.0065056640698	137.549663814793	118.253191539859	91.4775882118426	129.337900948309	114.359399818724	119.136784350968	110.769088240426	120.333718810676	124.924512074906	124.296654069941
Tb927_08_v5.1	1636745	1637145	239.253944374837	194.372588067942	262.162125620448	165.258430528704	238.898150890496	197.458887159694	190.029888217658	174.785183665731	167.994196603145	156.084434946482	155.546816089626	185.826443848349	177.466521130975	137.036585528565	141.092766010114	140.160922765844	161.678113643855	144.643560994651	157.312348538771	177.566648671344
Tb927_08_v5.1	557122	557522	143.806892097641	166.605075486808	200.413195205715	103.21601633704	185.221667620796	126.72734549055	125.232811579506	120.010953573301	118.732740456358	137.935082045728	113.124957156091	139.753771819833	151.852796431659	121.639216368052	135.152017967583	88.3013813424818	111.328528080025	115.471750373881	113.357427623526	146.788429568311
Tb927_08_v5.1	2153621	2154021	199.802496100263	220.288933143668	165.747129007969	239.145305611503	204.877844592799	280.400040188392	312.147455728022	291.103492513699	181.888453465059	174.233787847235	263.529729738622	208.862779862608	184.784728187922	263.295012644772	221.292864584284	255.092879433836	290.908716591019	308.734995736483	278.766735278263	202.425979485332
Tb927_08_v5.1	1946239	1946639	179.440458281127	136.06081164756	194.454965077977	118.444608911358	210.169892239107	136.831851443285	122.740616324192	144.628585075517	118.732740456358	143.379887915954	115.695978909639	132.074993148414	135.386830553527	137.036585528565	115.844586829357	112.128738212675	120.839005353192	137.350608339459	143.431847197114	166.912649751063
Tb927_08_v5.1	1760245	1760645	212.528769737222	223.991268154486	232.370974981761	240.273349505897	223.022007951571	263.559196933834	300.932577079111	279.410117550147	203.361395888017	172.41885255716	199.254185899934	227.291848674014	239.671281115028	254.056591148464	430.704233083506	276.117017848713	261.258405092319	266.192771914526	286.863694394229	261.61486237578
Tb927_08_v5.1	1971741	1972141	193.439359281783	224.91685190719	250.245665364974	265.090315182563	253.26228021619	290.083525059763	310.901358100366	263.408657073707	209.676967188887	128.860405595351	217.251338174766	218.077314268311	210.398452887238	281.771855637387	234.659547679979	238.273568701935	275.80384092187	237.020961293756	279.923443723401	222.550199668085
Tb927_08_v5.1	1819074	1819474	160.351047825688	180.488831777375	179.288561116464	145.517662376811	198.073783333259	127.148366571914	134.578543786932	169.861657365288	152.836825481056	147.009758496105	131.122109430924	130.53923741413	95.1366917403163	155.513428521181	106.93346476556	135.956095082869	145.454358295509	147.074545213049	133.021471190872	171.647760382299
Tb927_08_v5.1	2031322	2031722	188.348849826999	223.065684401781	236.16257597214	272.422600496123	220.753987531724	306.503347232957	307.786114031224	269.563064949261	213.466309969409	156.084434946482	249.389110094111	248.792428953988	248.819039936212	234.040011239797	231.689173658714	287.329891669981	273.006641723879	281.99416933411	304.214321071299	213.079978405613
Tb927_08_v5.1	1828191	1828591	183.258340372215	214.735430627441	164.66381443929	306.827939275136	159.517436195869	286.715356408852	262.92659943558	259.100571560819	227.360566831324	148.82469378618	253.245642724432	219.613070002595	272.603212871291	298.708961713952	270.304035935166	264.904144027446	334.545024079672	280.778677224911	318.094822412955	226.101532641511
Tb927_08_v5.1	741065	741465	226.527670737877	272.121623295119	185.246791244201	333.336970793393	217.729960305262	271.979618561113	294.702088940828	302.181426689696	231.149909611846	223.23704067927	273.813816752812	242.649406016853	192.102935244869	272.53343414108	271.789222945799	280.321845531688	313.845750014541	295.364582535296	281.080152168539	242.674419850837
Tb927_08_v5.1	2296941	2297341	220.164533919398	143.465481669196	225.329430285344	90.8075334987076	194.293749300182	139.357977931468	153.893057015612	139.705058775073	138.942568619142	145.194823206029	141.406196445114	113.645924337007	126.239071732343	132.417374780412	123.270521882521	86.8997721148234	90.0698141752962	115.471750373881	114.514136068664	157.442428488592
Tb927_08_v5.1	1225169	1225569	192.166731918087	213.809846874737	161.413870733251	230.684976403549	158.761429389254	215.562793658344	229.905012302675	221.55868351994	205.887624408365	152.454564366331	205.681740283803	199.648245456904	203.080245830291	224.801589743489	178.222441275934	201.831728782816	248.95072862116	194.4787374718	200.110561008877	176.382871013535
Tb927_08_v5.1	1115650	1116050	175.62257619004	177.712080519262	182.538504822502	184.4351767334	186.733681234027	197.879908241058	188.783790590002	179.708709966174	176.835996424363	174.233787847235	209.538272914124	175.076153708362	199.421142301817	164.751850017489	191.589124371629	172.397935001988	206.992740651302	207.849150672986	205.894103234567	222.550199668085
Tb927_08_v5.1	28583	28983	511.596200205768	176.786496766557	408.409592392186	156.234079373553	343.98309701005	179.354980661044	157.008301084754	210.480749343943	284.200708539155	497.292269480651	223.678892558635	258.006963359692	252.478143464686	221.722115911387	291.096654084025	214.446211831742	107.412449202838	189.616769035005	175.819683660979	262.798640033589
Tb927_08_v5.1	2150788	2151188	123.444854278506	117.54913659347	125.122832682487	100.959928548253	132.301191157711	156.198821186026	157.008301084754	168.630775790177	94.7335695130515	90.7467645037683	98.98433751158	104.431389931304	98.79579526879	109.321321039642	100.992716723029	106.522301302042	110.769088240426	131.273147793465	133.021471190872	121.929098754323
Tb927_08_v5.1	863043	863443	132.353245824378	160.125989217876	118.62294527041	168.642562211886	124.741123091556	166.303327138761	163.861838036866	118.164631210635	231.149909611846	168.788981977009	164.545392227042	244.185161751137	226.86441876537	175.530008429848	200.500246435425	215.8478210594	196.922823538536	238.236453402955	220.931313021362	182.30175930258
Tb927_08_v5.1	1486847	1487247	227.800298101573	257.312283251847	221.537829294966	278.626841915289	247.970232569882	294.293735873403	321.493187935448	274.486591249704	204.624510148191	235.941587709798	249.389110094111	228.827604408298	206.739349358764	249.43738040031	239.115108711878	242.47839638491	278.60104011986	238.236453402955	270.669776162296	229.652865614938
Tb927_08_v5.1	1526932	1527332	134.89850055177	117.54913659347	120.247917123429	108.292213861813	144.397300063559	117.464881700543	89.7190291912879	102.77861152175	121.258968976706	121.60066443505	78.4161634831997	153.575573428388	98.79579526879	97.0034257112317	118.814960850622	99.5142551637494	118.6012459948	121.549210919875	98.3202178367316	136.13443064803
Tb927_09_v5.1	3437450	3437850	109.445953277851	114.772385335356	97.4983111811585	112.804389439388	117.181055025401	95.9928065509811	119.002323441222	89.2389141955315	162.941739562449	127.045470305276	128.551087677377	159.718596365523	168.31876230979	106.241847207539	151.489075084544	135.956095082869	95.1047727316792	117.902734592279	136.491596526286	95.8859902825258
Tb927_09_v5.1	1616971	1617371	151.442656279817	181.41441553008	207.454739902132	210.380186304459	179.173613167872	210.089519600612	193.1451322868	177.246946815952	186.940910505755	197.827946618215	183.828055378649	208.862779862608	257.966798757396	210.943957499028	210.896555509855	176.602762684964	209.789939849292	190.832261144204	175.819683660979	182.30175930258
Tb927_09_v5.1	2189245	2189645	159.078420461992	192.521420562533	164.66381443929	170.334628053476	179.929619974487	168.829453626945	191.899034659144	191.402084929726	119.995854716532	154.269499656406	172.258457487685	150.50406195982	168.31876230979	181.688956094053	135.152017967583	176.602762684964	163.356433162649	137.350608339459	166.566016099875	181.117981644771
Tb927_09_v5.1	3503622	3504022	234.163434920053	149.944567938127	164.12215715495	160.746254951128	139.105252417251	123.359176839638	125.855860393334	134.78153247463	195.782710326973	228.681846549496	156.832326966399	141.289527554117	153.682348195896	152.433954689078	212.381742520488	151.373796587112	137.622200541136	144.643560994651	126.081220520044	156.258650830783
Tb927_09_v5.1	2391906	2392306	215.074024464614	237.875024445053	206.371425333452	268.474446865744	238.14214408388	269.45349207293	362.614409648122	317.567446378581	261.464651856022	143.379887915954	264.815240615396	230.363360142582	234.182625822317	272.53343414108	250.99660479694	267.707362482762	305.45415242057	252.82235871334	255.632566375502	232.020420930556
Tb927_09_v5.1	1000594	1000994	162.89630255308	132.358476636742	144.622494918718	173.718759736658	137.59323880402	129.674493060097	125.232811579506	149.55211137596	137.679454358968	119.785729144974	137.549663814793	145.896794756969	128.06862349658	147.814743940925	167.826132201504	131.751267399894	126.992843588772	120.333718810676	138.805013416562	138.501985963648
Tb927_09_v5.1	95975	96375	220.164533919398	151.795735443536	111.581400573993	269.038468812941	90.7208167938592	136.831851443285	135.20159260076	148.321229800849	207.150738668539	259.535746480777	196.683164146386	201.184001191188	192.102935244869	212.483694415079	227.233612626815	200.430119555157	185.734026746574	167.737911069428	165.409307654737	164.545094435446
Tb927_09_v5.1	2407074	2407474	128.53536373329	156.423654207058	196.621594215336	131.981135644084	176.905592748025	164.619242813305	135.20159260076	140.935940350184	147.78436844036	127.045470305276	122.123533293508	165.861619302659	133.55727878929	144.735270108822	126.240895903786	141.562531993503	156.643155087472	139.781592557856	145.74526408739	137.318208305839
Tb927_09_v5.1	2231125	2231525	185.803595099607	261.94020201537	218.829542873267	292.163368648016	246.458218956651	325.449295894335	382.55197169063	297.873341176809	215.992538489757	179.678593717461	296.95301253474	247.256673219705	223.205315236896	286.391066385541	201.985433446058	257.896097889153	297.062554826598	280.778677224911	260.259400156054	221.366422010276
Tb927_09_v5.1	101894	102294	456.873223566842	248.982029477507	283.828416994039	261.142161552184	253.26228021619	242.087121784273	229.905012302675	222.789565095051	401.670334735338	433.769534328013	312.379143056025	390.081956508105	347.614835205002	249.43738040031	469.319095359959	292.936328580614	205.873860972106	263.761787696129	259.102691710916	281.739082558533
Tb927_09_v5.1	1096177	1096577	155.260538370905	153.646902948945	153.830668752495	198.535725413324	167.83351106864	210.93156176334	222.428426536735	188.324880991949	184.414681985407	156.084434946482	212.109294667671	175.076153708362	197.59159053758	195.546588338515	181.192815297199	196.225291872182	176.782989313004	182.323816379813	179.289808996393	156.258650830783
Tb927_09_v5.1	1818577	1818977	180.713085644823	194.372588067942	189.03839223458	205.303988779687	189.757708460489	200.827055810605	233.643305185646	220.943242732385	202.098281627843	170.603917267084	188.970098885744	172.004642239794	190.273383480633	232.500274323746	197.52987241416	224.257476425351	192.447304821751	200.556198017794	190.856893447773	213.079978405613
Tb927_09_v5.1	3022578	3022978	123.444854278506	53.6838576568603	108.873114152294	47.9418655117401	108.864980152631	57.6798881468615	50.4669539200994	65.8521642684267	50.5245704069608	99.8214409541452	65.5610547154621	79.8592981827617	71.3525188052372	61.5894766420519	63.8630414572096	51.8595414233624	39.1607887718679	51.0506685863475	67.0890898180051	60.372660548257
Tb927_09_v5.1	843354	843754	156.533165734601	148.093400432718	175.496960126085	173.154737789461	165.565490648793	171.355580115129	152.023910574127	165.5535718524	166.731082342971	128.860405595351	167.11641398059	193.505222519769	201.250694066054	141.655796276719	127.726082914419	110.727128985017	194.125624340545	139.781592557856	171.192849880427	152.707317857356
Tb927_09_v5.1	1939036	1939436	178.167830917432	163.828324228694	137.039292937962	157.926145215144	167.077504262024	153.251673616479	153.893057015612	168.630775790177	173.046653643841	188.753270167838	164.545392227042	161.254352099807	144.534589374711	164.751850017489	130.696456935685	169.594716546671	157.762034766668	134.919624121061	146.901972532528	147.97220722612
Tb927_09_v5.1	1573870	1574270	103.082816459371	120.325887851583	131.622720094564	88.5514457099199	109.620986959247	85.4672795168823	114.017932930595	81.2381839573114	94.7335695130515	99.8214409541452	101.555359265128	110.574412868439	95.1366917403163	95.4636887951804	89.1112206379668	91.1045997977987	96.7830922504736	77.79149498872	101.790343172146	112.458877491851
Tb927_09_v5.1	1630503	1630903	157.805793098297	174.009745508444	218.829542873267	162.438320792719	191.26972207372	179.776001742408	213.082694329309	204.941782255945	127.574540277576	203.272752488441	149.119261705757	152.039817694104	166.489210545554	167.831323849591	166.340945190871	176.602762684964	171.188590917023	161.660450523434	166.566016099875	168.096427408872
Tb927_09_v5.1	2594545	2594945	87.8112880950198	70.344365205541	69.3321323954905	102.651994389843	58.212524109393	101.466080608713	105.918298350826	84.9308286826438	121.258968976706	117.970793854899	111.839446279318	58.3587179027874	82.3298293906583	75.4471088865135	95.051968680498	110.727128985017	87.2726149773057	89.9464160807075	104.103760062422	75.7617700997735
Tb927_09_v5.1	1629061	1629461	124.717481642202	161.977156723285	86.6651654943631	183.871154786203	109.620986959247	129.253471978733	139.562934297559	152.629315313737	155.363054001404	159.714305526632	145.262729075436	112.110168602723	126.239071732343	132.417374780412	121.785334871888	138.759313538186	177.9018689922	127.626671465869	148.058680977666	91.15087965129
Tb927_09_v5.1	2674125	2674525	17.8167830917432	14.8093400432718	9.74983111811585	23.1248998350746	6.80406125953944	11.3675691968267	7.47658576594066	8.61617102577546	29.0516279840025	18.1493529007537	19.2826631516065	21.5005802799743	18.2955176423685	10.7781584123591	16.3370571169606	26.6305753255104	19.0209545463358	20.6633658563788	6.94025067082811	13.0215542358986
Tb927_09_v5.1	3137990	3138390	36.9061935471822	26.8419288284301	12.9997748241545	45.6857777229523	13.6081225190789	21.4720751495616	16.8223179733665	16.0014604764401	41.6827705857427	50.8181881221103	25.7102175354753	27.6436032171098	23.7841729350791	18.4768429926156	43.0704233083506	32.2370122361442	36.3635895738773	30.3873027299688	33.5445449090025	26.0431084717971
Tb927_09_v5.1	593531	593931	180.713085644823	153.646902948945	172.788673704386	178.230935314234	154.225388549561	205.458287705609	223.051475350563	225.866769032828	181.888453465059	134.305211465577	155.546816089626	190.433711051201	186.614279952159	157.053165437232	188.618750350363	151.373796587112	213.146578886881	201.771690126993	201.267269454015	177.566648671344
Tb927_09_v5.1	2603189	2603589	5.09050945478376	4.62791876352244	0.54165728433977	5.07619752477248	0	0	1.24609762765678	0	7.57868556104412	12.7045470305276	6.42755438386883	7.6787786714194	14.6364141138948	6.15894766420519	8.91112206379668	4.20482768297533	4.4755187167849	4.861968436795	4.62683378055207	5.9188882890448
Tb927_09_v5.1	1388614	1389014	190.894104554391	232.321521928826	244.829092521576	190.639418152566	247.970232569882	256.822859632011	238.627695696273	228.32853218305	190.730253286277	205.087687778516	178.686011871553	211.934291331175	192.102935244869	187.847903758258	191.589124371629	194.823682644523	225.45425535804	250.391374494943	217.461187685948	224.917754983703
Tb927_09_v5.1	258945	259345	201.075123463958	103.665380302903	119.164602554749	108.85623580901	105.084946119554	90.0985114118858	87.8498827498027	70.7756905688698	131.363883058098	221.422105389195	106.697402772223	135.146504616981	155.511899960132	106.241847207539	129.211269925052	99.5142551637494	83.915975939717	105.747813500291	106.417176952698	94.7022126247169
Tb927_09_v5.1	2015006	2015406	160.351047825688	176.786496766557	126.747804535506	190.639418152566	135.325218384173	200.827055810605	190.652937031487	179.093269178618	169.257310863319	150.639629076255	169.687435734137	139.753771819833	170.148314074027	201.70553600272	164.855758180239	173.799544229647	208.111620330498	166.522418960229	161.939182319323	166.912649751063
Tb927_09_v5.1	114735	115135	449.237459384667	243.42852696128	362.910380507646	293.855434489607	291.81862735358	234.087721238358	202.490864494226	228.32853218305	357.461335629248	441.029275488314	296.95301253474	279.507543639666	322.001110505686	280.232118721336	356.444882551867	232.667131791301	182.936827548583	243.09842183975	241.752065033846	304.230858056903
Tb927_09_v5.1	1654408	1654808	157.805793098297	188.819085551715	188.49673495024	188.947352310976	181.441633587718	201.248076891969	214.328791956966	184.632236266617	197.045824587147	163.344176106783	185.113566255422	176.611909442646	171.977865838264	187.847903758258	148.518701063278	192.020464189207	185.734026746574	167.737911069428	151.52880631308	183.485536960389
Tb927_09_v5.1	3358151	3358551	173.077321462648	56.4606089149737	120.247917123429	96.447752970677	83.1607487277043	57.6798881468615	57.9435396860401	53.5433485173189	108.627826374966	150.639629076255	77.130652606426	73.7162752456262	67.6934152767635	75.4471088865135	99.5075297123963	77.0885075212143	86.7131751377075	69.2830502243288	47.4250462506588	72.2104371263466
Tb927_09_v5.1	1005136	1005536	175.62257619004	186.042334293602	129.997748241545	230.120954456352	131.545184351096	212.194625007432	223.051475350563	188.940321779505	193.256481806625	150.639629076255	188.970098885744	205.79126839404	199.421142301817	187.847903758258	185.648376329098	172.397935001988	226.573135037236	166.522418960229	175.819683660979	144.420874252693
Tb927_09_v5.1	2025899	2026299	178.167830917432	161.051572970581	184.163476675522	159.618211056735	148.177334096637	169.671495789673	134.578543786932	146.474907438183	143.995025659838	147.009758496105	147.833750828983	178.14766517693	171.977865838264	158.592902353284	150.003888073911	166.791498091355	148.2515574935	150.721021540645	145.74526408739	163.361316777637
Tb927_09_v5.1	1023769	1024169	157.805793098297	194.372588067942	153.289011468155	238.581283664306	185.221667620796	218.088920146527	221.182328909078	231.405736120827	194.519596066799	161.529240816708	223.678892558635	198.11248972262	179.296072895211	207.864483666925	245.055856754409	222.855867197692	257.90176605473	199.340705908595	207.050811679705	182.30175930258
Tb927_10_v5.1	2219190	2219590	90.3565428224117	107.367715313721	77.9986489449268	106.600148020222	81.6487351144733	85.0462584355184	54.2052468030698	83.0845063199776	66.9450557892231	105.266246824371	79.7016743599735	73.7162752456262	64.0343117482898	83.14579346677	87.6260336273341	77.0885075212143	95.6642125712773	72.929526551925	64.775672927729	65.1077711794928
Tb927_10_v5.1	2984684	2985084	148.897401552425	214.735430627441	118.08128798607	277.498798020895	127.009143511403	276.189829374753	211.213547887824	204.941782255945	231.149909611846	170.603917267084	203.110718530255	264.149986296827	221.375763472659	277.152644889233	259.907726860737	210.241384148766	378.181331568324	207.849150672986	190.856893447773	222.550199668085
Tb927_10_v5.1	1814916	1815316	161.623675189384	153.646902948945	167.913758145329	153.977991584765	186.733681234027	170.513537952401	165.107935664523	163.091808702178	166.731082342971	201.457817198366	150.404772582531	179.683420911214	190.273383480633	141.655796276719	172.281693233403	173.799544229647	151.048756691491	170.168895287825	174.662975215841	218.998866694658
Tb927_10_v5.1	2886990	2887390	153.987911007209	149.944567938127	141.91420849702	131.981135644084	151.957368129714	128.411429816005	128.971104462476	156.937400826624	123.785197497054	143.379887915954	158.117837843173	130.53923741413	120.750416439632	133.957111696463	136.637204978216	134.55448585521	142.657159097519	111.825274046285	121.454386739492	139.685763621457
Tb927_10_v5.1	1359005	1359405	161.623675189384	189.74466930442	153.289011468155	178.230935314234	165.565490648793	162.93515848785	156.385252270925	170.477098152843	191.993367546451	137.935082045728	155.546816089626	145.896794756969	159.171003488606	150.894217773027	155.944636116442	185.012418050914	171.188590917023	140.997084667055	171.192849880427	156.258650830783
Tb927_10_v5.1	1418107	1418507	222.709788646789	180.488831777375	217.204571020248	168.078540264689	200.341803753106	169.671495789673	186.914644148516	179.093269178618	190.730253286277	206.902623068592	172.258457487685	228.827604408298	226.86441876537	169.371060765643	203.470620456691	145.767359676478	174.545229954611	165.30692685103	185.073351222083	185.853092276007
Tb927_10_v5.1	362673	363073	165.441557280472	229.544770670713	163.038842586271	267.910424918547	198.829790139875	219.773004471983	233.643305185646	243.714551871934	203.361395888017	168.788981977009	208.25276203735	185.826443848349	164.659658781317	246.357906568207	222.778051594917	229.863913335984	274.684961242674	250.391374494943	234.811814363018	185.853092276007
Tb927_10_v5.1	1984603	1985003	143.806892097641	174.935329261148	157.622269742873	179.923001155824	145.153306870175	161.672095243758	137.693787856074	155.706519251514	127.574540277576	114.340923274748	158.117837843173	145.896794756969	151.852796431659	190.927377590361	164.855758180239	152.77540581477	179.580188510994	185.970292707409	158.469056983909	170.46398272449
Tb927_10_v5.1	1027407	1027807	122.17222691481	89.7816240123353	108.331456867954	49.0699094061339	107.3529665394	46.7333400313987	66.6662230796375	59.0823156053174	56.8401417078309	85.3019586335422	73.2741199761047	72.1805195113423	56.7161046913424	41.572896733385	71.2889765103735	57.4659783339961	61.5383823557924	61.9900975691363	63.618964482591	78.1293254153914
Tb927_10_v5.1	883309	883709	101.810189095675	62.9396951839051	139.205922075321	46.8138216173462	119.449075445248	47.5753821941266	46.1056122233007	49.8507037919866	54.3139131874829	103.451311534296	47.5639024406293	64.5017408399229	56.7161046913424	32.3344752370772	56.4371064040457	36.4418399191195	44.1957473282509	36.4647632759625	37.0146702444166	71.0266594685376
Tb927_10_v5.1	523374	523774	384.333463836174	381.340506114249	346.660661977452	476.598545381416	366.663301208514	419.758018119861	505.915636828651	481.274695868315	391.565420653946	344.83770511432	453.785339501139	350.152307416725	378.717215197028	401.871335089388	469.319095359959	454.121389761335	459.300108310051	413.267317127575	485.817546957968	351.581964369261
Tb927_10_v5.1	3107360	3107760	72.5397597306686	39.800101366293	96.414996612479	41.7376240925737	68.7966194020099	31.9976021836604	28.6602454361059	37.5418880408788	59.366370228179	98.0065056640698	48.8494133174031	67.5732523084907	67.6934152767635	56.970265893898	60.892667435944	50.4579321957039	40.2796684510641	58.34362124154	32.3878364638645	79.3131030732004
Tb927_10_v5.1	1459055	1459455	170.532066735256	196.223755573351	175.496960126085	210.944208251656	190.513715267104	213.878709332888	221.182328909078	211.711630919054	202.098281627843	163.344176106783	228.82093606573	199.648245456904	192.102935244869	172.450534597745	190.103937360996	182.209199595597	223.216495999647	178.677340052216	193.170310338049	176.382871013535
Tb927_10_v5.1	1077983	1078383	153.987911007209	161.051572970581	112.664715142672	162.438320792719	106.596959732785	143.568188745108	125.855860393334	138.474177199963	137.679454358968	116.155858564823	147.833750828983	118.253191539859	109.773105854211	124.718690200155	141.092766010114	190.618854961548	152.727076210285	162.875942632633	150.372097867942	150.339762541738
Tb927_10_v5.1	2686963	2687363	173.077321462648	186.042334293602	201.496509774394	192.895505941354	179.929619974487	204.616245542881	193.768181100629	219.712361157274	159.152396781927	110.711052694597	158.117837843173	147.432550491252	182.955176423685	192.467114506412	197.52987241416	170.99632577433	176.782989313004	202.987182236191	212.834353905395	208.344867774377
Tb927_10_v5.1	3881139	3881539	189.621477190695	184.191166788193	153.289011468155	205.868010726884	149.689347709868	191.143570939234	190.029888217658	180.324150753729	178.099110684537	179.678593717461	160.688859596721	208.862779862608	179.296072895211	181.688956094053	181.192815297199	224.257476425351	201.957782094919	179.892832161415	161.939182319323	181.117981644771
Tb927_10_v5.1	2608881	2609281	178.167830917432	203.628425594987	203.121481627414	244.785525083473	228.314055597879	207.984414193792	284.110259105745	270.178505736816	165.467968082797	125.2305350152	218.53684905154	191.969466785485	166.489210545554	232.500274323746	218.322490563019	241.076787157252	239.440251347992	250.391374494943	274.13990149771	224.917754983703
Tb927_10_v5.1	90491	90891	125.990109005898	121.251471604288	180.913532969483	71.6307872940116	198.829790139875	86.7303427609742	104.672200723169	92.3161181333084	97.2597980333996	141.564952625879	88.7002504973899	95.2168555256005	82.3298293906583	87.7650042149239	98.0223427017635	88.3013813424818	79.9998970625302	86.2999397531113	77.4994658242473	94.7022126247169
Tb927_10_v5.1	3219480	3219880	157.805793098297	158.274821712467	132.706034663244	212.07225214605	148.177334096637	165.882306057397	167.600130919836	183.401354691506	156.626168261578	147.009758496105	182.542544501875	179.683420911214	115.261761146922	158.592902353284	150.003888073911	165.389888863696	189.090665784162	156.798482086639	153.842223203356	166.912649751063
Tb927_10_v5.1	1681944	1682344	133.625873188074	152.72131919624	151.664039615135	100.959928548253	161.0294498091	135.989809280557	90.9651268189447	140.935940350184	114.943397675836	101.636376244221	100.269848388354	92.1453440570328	122.579968203869	101.622636459386	87.6260336273341	100.915864391408	106.293569523641	92.377400299105	124.924512074906	134.950652990222
Tb927_10_v5.1	3984227	3984627	92.9017975498036	107.367715313721	99.6649403185176	112.804389439388	103.572932506323	101.887101690076	116.510128185909	87.3925918328653	106.101597854618	96.1915703739945	88.7002504973899	104.431389931304	144.534589374711	89.3047411309752	121.785334871888	91.1045997977987	121.398445192791	98.4548608450988	83.2830080499374	102.98865622938
Tb927_10_v5.1	3074675	3075075	207.438260282438	207.330760605805	147.330781340417	226.172800825974	141.373272837097	223.562194204259	241.742939765415	225.251328245273	236.202366652542	154.269499656406	209.538272914124	196.576733988337	173.807417602501	238.659221987951	234.659547679979	241.076787157252	236.643052150002	222.435055983371	203.580686344291	208.344867774377
Tb927_10_v5.1	285097	285497	159.078420461992	118.474720346174	218.287885588927	113.368411386585	193.537742493566	122.096113595546	152.023910574127	130.473446961743	138.942568619142	154.269499656406	86.1292287438423	138.218016085549	133.55727878929	140.116059360668	132.181643946317	121.940002806284	102.377490646455	125.195687247471	101.790343172146	143.237096594884
Tb927_10_v5.1	101051	101451	197.257241372871	161.977156723285	186.330105812881	146.645706271205	185.221667620796	163.356179569214	173.83061905812	160.630045551957	141.46879713949	148.82469378618	151.690283459304	175.076153708362	182.955176423685	161.672376185386	144.06314003138	162.586670408379	130.34948262636	147.074545213049	173.506266770703	168.096427408872
Tb927_10_v5.1	1955403	1955803	161.623675189384	196.223755573351	187.41342038156	222.788669142792	186.733681234027	242.508142865637	229.281963488847	238.791025571491	176.835996424363	139.750017335803	206.967251160576	208.862779862608	197.59159053758	223.261852827438	216.837303552386	267.707362482762	205.873860972106	238.236453402955	259.102691710916	202.425979485332
Tb927_10_v5.1	192173	192573	187.076222463303	201.777258089578	154.372326036834	244.785525083473	192.025728880335	209.668498519248	214.951840770794	214.788834856831	203.361395888017	136.120146755653	203.110718530255	198.11248972262	173.807417602501	210.943957499028	207.926181488589	197.62690109984	255.664006696338	224.866040201769	270.669776162296	187.036869933816
Tb927_10_v5.1	2415040	2415440	176.895203553736	168.456242992217	191.205021371939	154.542013531962	179.173613167872	167.566390382853	208.72135263251	166.169012639955	132.626997318272	147.009758496105	165.830903103816	176.611909442646	184.784728187922	169.371060765643	148.518701063278	165.389888863696	178.461308831798	187.185784816608	195.483727228325	213.079978405613
Tb927_10_v5.1	3767814	3768214	101.810189095675	139.763146658378	91.540081053421	227.300844720368	97.5248780533987	143.989209826472	173.83061905812	168.630775790177	150.310596960708	134.305211465577	178.686011871553	132.074993148414	142.705037610474	141.655796276719	161.885384158973	165.389888863696	241.118570866787	183.539308489011	173.506266770703	108.907544518424
Tb927_10_v5.1	1060995	1061395	185.803595099607	196.223755573351	223.704458432325	191.76746204696	181.441633587718	208.82645635652	221.805377722906	198.787374380391	195.782710326973	176.048723137311	203.110718530255	191.969466785485	195.762038773343	201.70553600272	216.837303552386	208.839774921108	173.985790115013	177.461847943018	193.170310338049	229.652865614938
Tb927_10_v5.1	1855560	1855960	141.261637370249	176.786496766557	190.663364087599	230.684976403549	181.441633587718	198.721950403786	236.135500440959	224.020446670162	185.677796245581	128.860405595351	159.403348719947	188.897955316917	137.216382317764	173.990271513797	175.252067254668	210.241384148766	210.349379688891	212.711119109781	220.931313021362	197.690868854096
Tb927_10_v5.1	1439507	1439907	115.809090096331	94.4095427758577	96.9566538968188	82.3472042907535	99.0368916666297	94.3087222255253	80.3732969838621	91.7006773457531	109.89094063514	117.970793854899	102.840870141901	95.2168555256005	73.1820705694741	86.2252672988726	96.5371556911307	92.5062090254572	76.0838181853434	89.9464160807075	82.1262996047993	71.0266594685376
Tb927_10_v5.1	1530895	1531295	133.625873188074	212.884263122032	118.08128798607	322.620553796651	124.741123091556	206.300329868337	203.736962121883	239.406466359047	229.886795351672	179.678593717461	246.818088340563	219.613070002595	204.909797594527	230.960537407695	240.60029572251	249.486442523203	316.083509372934	239.451945512154	267.199650826882	179.934203986962
Tb927_11_v5.1	4942524	4942924	13.9989010006553	13.8837562905673	6.49988741207723	31.0212070958318	3.78003403307747	9.26246379000695	4.98439051062711	7.38528945066468	17.6835996424363	7.25974116030147	29.5667501657966	12.286045874271	12.806862349658	15.397369160513	14.8518701063278	21.0241384148766	13.9859959899528	20.6633658563788	17.3506266770703	11.8377765780896
Tb927_11_v5.1	1337458	1337858	189.621477190695	174.009745508444	219.371200157607	231.248998350746	192.781735686951	225.246278529715	256.073062483468	251.099841322599	191.993367546451	174.233787847235	194.112142392839	198.11248972262	190.273383480633	212.483694415079	176.737254265301	199.028510327499	205.873860972106	246.744898167346	232.498397472742	194.13953588067
Tb927_11_v5.1	1089235	1089635	142.534264733945	120.325887851583	161.413870733251	96.447752970677	155.737402162792	109.044460073264	107.164395978483	110.77934175997	122.52208323688	125.2305350152	119.55251153996	112.110168602723	107.943554089974	104.702110291488	118.814960850622	95.3094274807741	101.258610967258	113.040766155484	117.984261404078	139.685763621457
Tb927_11_v5.1	479450	479850	44.5419577293579	23.1395938176122	69.8737896798303	7.89630726075718	68.7966194020099	59.3639724723173	57.9435396860401	57.8514340302066	45.4721133662647	36.2987058015073	33.4232827961179	26.1078474828259	43.9092423416844	35.4139490691798	29.7037402126556	26.6305753255104	16.2237553483453	26.7408264023725	21.9774604576224	50.9024392857853
Tb927_11_v5.1	3893054	3893454	220.164533919398	214.735430627441	202.579824343074	247.041612872261	179.929619974487	238.297932051997	227.412817047362	232.636617695937	205.887624408365	183.308464297612	200.539696776708	231.899115876866	241.500832879264	198.626062170617	242.085482733143	183.610808823256	259.580085573524	192.047753253403	204.737394789429	189.404425249434
Tb927_11_v5.1	1242398	1242798	189.621477190695	164.753907981399	186.87176309722	172.026693895067	185.977674427411	184.407233637411	188.160741776173	163.707249489734	164.204853822623	166.974046686934	213.394805544445	165.861619302659	182.955176423685	187.847903758258	181.192815297199	218.651039514717	199.160582896928	210.280134891384	188.543476557497	172.831538040108
Tb927_11_v5.1	2600831	2601231	156.533165734601	195.298171820647	177.663589263444	220.532581354004	155.737402162792	257.664901794739	233.643305185646	216.019716431942	175.572882164189	121.60066443505	168.401924857363	170.468886505511	170.148314074027	184.768429926156	173.766880244035	194.823682644523	234.964732631208	202.987182236191	234.811814363018	208.344867774377
Tb927_11_v5.1	2788557	2788957	101.810189095675	140.688730411082	126.747804535506	100.395906601056	123.985116284941	127.148366571914	82.8654922391756	120.626394360856	71.9975128299192	108.896117404522	113.124957156091	130.53923741413	161.000555252843	117.020005619899	121.785334871888	120.538393578626	95.1047727316792	100.885845063496	100.633634727008	113.64265514966
Tb927_11_v5.1	4403741	4404141	193.439359281783	207.330760605805	150.039067762116	234.069108086731	179.929619974487	257.664901794739	237.381598068616	251.099841322599	256.412194815326	197.827946618215	250.674620970884	215.005802799743	236.012177586554	240.198958904002	182.678002307832	218.651039514717	245.594089583572	247.960390276545	238.281939698432	216.63131137904
Tb927_11_v5.1	1690628	1691028	132.353245824378	93.4839590231532	128.914433672865	89.6794896043137	100.548905279861	120.41202927009	110.902688861453	104.624933884416	109.89094063514	107.081182114447	75.8451417296522	96.7526112598844	115.261761146922	103.162373375437	115.844586829357	96.7110367084325	95.1047727316792	96.0238766267013	113.357427623526	108.907544518424
Tb927_11_v5.1	229231	229631	202.347750827654	213.809846874737	205.288110764773	225.04475693158	193.537742493566	258.085922876103	229.905012302675	200.018255955502	193.256481806625	181.493529007537	208.25276203735	207.327024128324	206.739349358764	195.546588338515	185.648376329098	213.044602604083	242.237450545983	229.728008638564	227.87156369219	194.13953588067
Tb927_11_v5.1	34239	34639	114.536462732635	66.6420301947231	87.7484800630427	58.094260561285	99.7928984732451	72.4156259945998	74.1428088455782	84.9308286826438	80.8393126511373	107.081182114447	96.4133157580325	82.9308096513295	67.6934152767635	87.7650042149239	74.259350531639	68.6788521552637	59.8600628369981	85.0844476439125	78.6561742693853	79.3131030732004
Tb927_11_v5.1	2615991	2616391	190.894104554391	232.321521928826	172.247016420047	288.215215017637	159.517436195869	229.877510424718	265.418794690893	225.251328245273	193.256481806625	154.269499656406	222.393381681862	175.076153708362	175.636969366738	209.404220582976	170.79650622277	232.667131791301	253.985687177543	200.556198017794	249.849024149812	198.874646511905
Tb927_11_v5.1	1920371	1920771	134.89850055177	143.465481669196	158.163927027213	89.1154676571168	148.933340903252	105.255270340988	96.5725661434002	86.7771510453099	88.4179982121814	112.525987984673	98.98433751158	130.53923741413	122.579968203869	90.8444780470265	99.5075297123963	65.8756336999468	90.0698141752962	80.2224792071175	94.8500925013175	97.0697679403348
Tb927_11_v5.1	1715916	1716316	211.256142373526	217.512181885555	144.080837634379	265.65433712976	173.125558714948	222.720152041531	213.082694329309	228.32853218305	200.835167367669	152.454564366331	200.539696776708	199.648245456904	201.250694066054	234.040011239797	209.411368499222	203.233338010474	284.75487835544	209.064642782185	216.30447924081	196.507091196287
Tb927_11_v5.1	1597539	1597939	183.258340372215	161.977156723285	163.038842586271	184.4351767334	146.665320483406	183.986212556047	193.768181100629	194.479288867503	162.941739562449	157.899370236557	204.396229407029	184.290688114066	186.614279952159	187.847903758258	176.737254265301	185.012418050914	184.615147067377	187.185784816608	175.819683660979	147.97220722612
Tb927_11_v5.1	2318255	2318655	137.443755279161	170.307410497626	139.205922075321	178.230935314234	124.741123091556	152.409631453751	153.893057015612	161.860927127067	165.467968082797	110.711052694597	159.403348719947	116.717435805575	144.534589374711	152.433954689078	169.311319212137	175.201153457305	166.713072200238	175.03086372462	151.52880631308	160.993761462019
Tb927_11_v5.1	2531209	2531609	153.987911007209	223.991268154486	152.747354183815	280.882929704077	173.881565521564	235.350784482449	224.920621792048	227.713091395494	197.045824587147	168.788981977009	224.964403435409	179.683420911214	155.511899960132	224.801589743489	212.381742520488	245.281614840227	263.496164450711	213.92661121898	204.737394789429	207.161090116568
Tb927_11_v5.1	4693047	4693447	43.269330365662	38.8745176135885	29.7911506386873	30.4571851486349	32.5082926844662	62.7321411232289	47.9747586647859	40.0036511911003	47.9983418866128	30.8538999312812	47.5639024406293	26.1078474828259	40.2501388132107	33.8742121531285	47.525984340249	44.8514952850701	24.615352942317	32.8182869483663	24.2908773478984	18.9404425249434
Tb927_11_v5.1	2621952	2622352	162.89630255308	223.065684401781	196.079936930997	200.791813202111	220.753987531724	182.302128230591	211.836596701652	241.252788721713	140.205682879316	168.788981977009	176.114990118006	156.647084896956	146.364141138948	198.626062170617	193.074311382261	200.430119555157	176.782989313004	199.340705908595	207.050811679705	201.242201827523
Tb927_11_v5.1	954209	954609	103.082816459371	177.712080519262	180.913532969483	124.648850330524	195.049756106797	135.989809280557	154.51610582944	115.087427272858	143.995025659838	116.155858564823	131.122109430924	142.825283288401	126.239071732343	138.576322444617	124.755708893154	102.317473619066	123.636204551183	156.798482086639	121.454386739492	153.891095515165
Tb927_11_v5.1	1138706	1139106	175.62257619004	191.595836809829	168.455415429668	190.639418152566	183.709654007565	209.668498519248	212.45964551548	185.247677054172	195.782710326973	148.82469378618	204.396229407029	179.683420911214	184.784728187922	206.324746750874	219.807677573652	180.807590367939	202.517221934517	210.280134891384	183.916642776945	185.853092276007
Tb927_11_v5.1	4449445	4449845	174.349948826344	176.786496766557	154.913983321174	227.300844720368	130.033170737865	245.455290435184	196.260376355942	203.095459893279	250.096623514456	181.493529007537	201.825207653481	202.719756925472	230.523522293843	260.215538812669	191.589124371629	225.659085653009	211.468259368087	243.09842183975	225.558146801914	181.117981644771
Tb927_11_v5.1	3710825	3711225	169.25943937156	168.456242992217	155.455640605514	201.919857096505	165.565490648793	211.773603926068	191.899034659144	188.324880991949	157.889282521753	147.009758496105	185.113566255422	175.076153708362	170.148314074027	204.785009834822	179.707628286566	176.602762684964	210.908819528489	171.384387397024	176.976392106117	159.80998380421
Tb927_11_v5.1	2707765	2708165	156.533165734601	177.712080519262	138.122607506641	182.179088944612	142.885286450328	188.196423369687	185.045497707031	178.477828391063	171.783539383667	165.159111396858	187.68458800897	161.254352099807	135.386830553527	158.592902353284	178.222441275934	154.177015042429	178.461308831798	188.401276925806	210.520937015119	177.566648671344
Tb927_11_v5.1	4180943	4181343	124.717481642202	95.3351265285622	96.414996612479	67.1186117164361	114.15702779894	53.048656251858	54.2052468030698	72.622012931536	70.7343985697451	83.4870233434669	83.5582069902948	55.2872064342197	78.6707258621846	63.1292135581032	57.9222934146784	72.883679838239	66.0139010725773	72.929526551925	49.7384631409348	75.7617700997735
Tb927_11_v5.1	2218515	2218915	183.258340372215	211.958679369328	258.37052463007	206.996054621278	215.461939885416	291.346588303855	251.08867197284	251.715282110154	224.834338310976	172.41885255716	177.40050099478	210.398535596891	230.523522293843	218.642642079284	239.115108711878	235.470350246618	241.118570866787	256.468835040936	227.87156369219	249.777085797691
Tb927_11_v5.1	3467622	3468022	193.439359281783	216.58659813285	207.996397186472	224.480734984383	202.609824172952	203.353182298789	243.6120862069	256.023367623042	142.731911399664	145.194823206029	231.391957819278	185.826443848349	173.807417602501	218.642642079284	164.855758180239	220.052648742375	193.006744661349	215.142103328179	197.797144118601	182.30175930258
Tb927_11_v5.1	3776399	3776799	63.631368184797	27.7675125811346	79.6236207979461	14.1005486799235	54.4324900763155	15.5777800104662	23.6758549254787	30.7720393777695	32.8409707645245	99.8214409541452	32.1377719193441	27.6436032171098	42.0796905774476	49.2715813136415	40.1000492870851	28.0321845531688	12.3076764711585	10.9394289827888	31.2311280187265	44.9835509967405
Tb927_11_v5.1	1983478	1983878	83.993406003932	76.8234514744724	139.747579359661	51.8900191421186	121.717095865094	74.0997103200556	91.5881756327731	108.933019397304	65.6819415290491	83.4870233434669	64.2755438386883	76.787786714194	85.988932919132	78.5265827186161	69.8037894997407	84.0965536595065	61.5383823557924	96.0238766267013	83.2830080499374	108.907544518424
