Tb927_01_v5.1	216643	217043	154.522588480222	238.264269230769	406.041349480969	376.654183266932	546.297433460076	1042.83233532934	1102.82962184874	182.070872374798	378.678785488959	67.6979591836735	175.799731663685	256.107352941176	191.699831271091	329.336232980333	173.302435897436	100.388947368421	526.913318777293	192.452074330164	209.368385140258	198.052862254025
Tb927_01_v5.1	262841	263241	126.035183900069	260.272615384615	290.541955017301	443.559860557769	347.643821292776	954.936467065868	796.19768907563	131.83056542811	353.171924290221	73.5564364207221	166.898479427549	269.827389705882	190.300562429696	299.225491679274	210.514615384615	89.1653383458647	539.135534934498	181.700561797753	180.132259287339	209.179427549195
Tb927_01_v5.1	586463	586863	228.762491325468	291.849807692308	392.41098615917	731.006474103586	402.037072243346	1144.13604790419	975.647058823529	185.286252019386	482.668296529969	106.754474097331	278.164132379249	341.476470588235	279.853768278965	400.849243570348	222.209871794872	152.765789473684	787.653930131004	281.689628349179	261.23893100834	270.37553667263
Tb927_01_v5.1	219971	220371	150.206315058987	221.997230769231	404.606574394464	428.691932270916	407.949382129278	896.835808383233	719.539705882353	131.026720516963	366.906388012618	69.6507849293564	147.98331842576	262.205147058824	218.285939257593	276.64243570348	155.227948717949	74.8240601503759	495.678766375546	192.452074330164	166.928847611827	230.319901610018
Tb927_01_v5.1	608383	608783	122.582165163081	205.730192307692	267.585553633218	436.125896414343	281.425950570342	829.796586826347	688.179621848739	138.663247172859	266.841009463722	47.518759811617	178.025044722719	195.129411764706	135.729077615298	270.996671709531	114.826153846154	92.9065413533835	494.320742358079	166.648444252377	169.758150113723	183.588327370304
Tb927_01_v5.1	689297	689697	119.99240111034	222.954115384615	295.563667820069	529.050448207171	318.082271863118	931.100299401198	815.36218487395	141.878626817447	294.309936908517	55.9810047095761	171.349105545617	225.618382352941	169.311529808774	269.114750378215	156.291153846154	106.000751879699	594.814519650655	231.157519446845	200.880477634572	196.940205724508
Tb927_01_v5.1	360985	361385	160.565371269951	285.151615384615	305.607093425606	568.698256972112	352.373669201521	917.69245508982	801.424369747899	172.826655896607	380.640851735016	78.1130298273155	218.080679785331	256.107352941176	172.110067491564	336.863918305598	175.428846153846	90.4124060150376	609.752783842795	220.406006914434	182.961561789234	186.926296958855
Tb927_01_v5.1	703184	703584	173.514191533657	286.1085	337.17214532872	672.77375498008	476.532176806084	1248.41928143713	1127.22079831933	263.66113085622	390.4511829653	56.6319466248038	285.952728085868	266.778492647059	232.278627671541	402.731164901664	165.86	155.25992481203	774.073689956332	306.418107173725	266.89753601213	290.403354203936
Tb927_01_v5.1	1046012	1046412	126.898438584316	182.764961538462	141.325346020761	514.182519920319	204.565922053232	761.267604790419	635.91281512605	131.428642972536	419.882176656151	78.7639717425432	203.61614490161	195.129411764706	123.135658042745	252.177458396369	194.566538461538	109.118421052632	423.703493449782	139.769662921348	160.327141774071	125.73018783542
Tb927_01_v5.1	236770	237170	148.479805690493	267.927692307692	277.628979238754	436.125896414343	353.556131178707	837.245389221557	693.406302521008	121.782504038772	308.044400630915	65.7451334379906	184.700983899821	221.045036764706	176.307874015748	240.885930408472	150.975128205128	83.5535338345865	495.678766375546	203.203586862576	170.701250947688	183.588327370304
Tb927_01_v5.1	838608	839008	168.334663428175	332.038961538462	322.824394463668	1050.66693227092	340.549049429658	1378.02844311377	1404.23487394958	250.397689822294	498.364826498423	108.056357927787	304.867889087657	294.218566176471	218.285939257593	440.369591527988	241.347564102564	148.401052631579	1030.74022925764	308.568409680207	282.930250189538	287.065384615385
Tb927_01_v5.1	474634	475034	127.761693268564	201.902653846154	241.759602076125	517.899501992032	295.615494296578	867.040598802395	756.126470588235	138.261324717286	325.702996845426	71.6036106750392	171.349105545617	246.960661764706	186.102755905512	319.926626323752	180.744871794872	94.7771428571429	581.234279475983	184.926015557476	193.335670962851	188.038953488372
Tb927_01_v5.1	894719	895119	145.890041637752	282.280961538462	283.368079584775	978.805278884462	302.710266159696	1163.50293413174	898.989075630252	201.363150242326	384.564984227129	74.8583202511774	277.051475849732	262.205147058824	236.476434195726	348.155446293495	219.020256410256	145.283383458647	988.641484716157	303.192653414002	275.385443517816	271.488193202147
Tb927_01_v5.1	248324	248724	136.394240111034	275.582769230769	304.889705882353	629.408964143426	353.556131178707	996.649760479042	831.042226890756	140.270936995153	415.958044164038	91.1318681318681	200.278175313059	250.009558823529	165.113723284589	316.16278366112	160.543974358974	96.6477443609023	707.530513100437	183.850864304235	169.758150113723	196.940205724508
Tb927_01_v5.1	793751	794151	100.137543372658	61.2406153846154	302.020155709343	307.270517928287	422.138925855513	74.4880239520958	764.837605042017	132.232487883683	233.485883280757	48.1697017268446	315.994454382826	839.971139705882	783.590551181102	575.867927382753	266.864487179487	125.953834586466	141.234497816594	234.382973206569	181.075360121304	182.475670840787
Tb927_02_v5.1	941983	942383	116.539382373352	155.972192307692	351.519896193772	240.36484063745	338.184125475285	604.842754491018	405.938865546218	98.4710016155089	227.599684542587	76.8111459968603	95.6884615384615	172.262683823529	125.934195725534	158.08139183056	108.446923076923	51.1297744360902	268.888755458515	142.995116681072	108.456595905989	157.997227191413
Tb927_02_v5.1	454845	455245	139.847258848022	254.531307692308	307.759256055363	589.761155378486	331.089353612167	947.487664670659	895.504621848739	192.520856219709	372.792586750789	64.4432496075353	218.080679785331	251.534007352941	204.293250843645	340.62776096823	165.86	118.471428571429	577.160207423581	222.556309420916	223.514897649735	230.319901610018
Tb927_02_v5.1	812461	812861	110.496599583622	213.385269230769	312.063581314879	459.666782868526	323.994581749049	725.513353293413	667.272899159664	145.495928917609	288.423738170347	63.1413657770801	169.123792486583	176.836029411765	132.930539932508	261.58706505295	143.532692307692	96.0242105263158	494.320742358079	162.347839239412	160.327141774071	171.349105545617
Tb927_02_v5.1	741928	742328	131.214712005552	219.126576923077	258.259515570934	506.748555776892	320.447195817491	895.346047904192	747.415336134454	190.913166397415	270.765141955836	53.3772370486656	189.151610017889	182.933823529412	169.311529808774	286.052042360061	142.469487179487	96.6477443609023	590.740447598253	253.735695764909	211.254586808188	210.292084078712
Tb927_02_v5.1	837807	838207	123.445419847328	167.454807692308	210.911937716263	317.182470119522	279.06102661597	516.946886227545	418.134453781513	86.4133279483037	174.623895899054	68.3489010989011	119.054248658318	128.053676470588	99.3480877390326	141.144099848714	97.8148717948718	54.870977443609	365.30846069869	117.191486603284	96.1962850644428	130.180813953488
Tb927_02_v5.1	493115	493515	136.394240111034	357.874846153846	314.215743944637	631.886952191235	400.85461026616	1248.41928143713	914.669117647059	191.315088852989	451.27523659306	78.7639717425432	201.390831842576	288.120772058824	237.87570303712	366.974659606657	392.322692307692	135.93037593985	680.370032751092	282.76477960242	287.645754359363	284.840071556351
Tb927_02_v5.1	732663	733063	106.180326162387	130.136307692308	199.433737024221	484.446663346614	258.959173003802	651.025329341317	435.556722689076	126.203651050081	258.992744479495	58.5847723704867	143.532692307692	166.164889705882	137.128346456693	220.184795763994	140.343076923077	79.1887969924812	510.617030567686	152.671477960242	163.156444275967	144.645348837209
Tb927_02_v5.1	1024056	1024456	243.437820957668	506.191961538462	435.454238754325	2324.35278884462	588.866064638783	1318.4380239521	1428.62605042017	272.503424878837	1932.63525236593	339.140737833595	687.621735241503	1707.38235294118	1592.36794150731	967.30756429652	1523.57294871795	428.991278195489	3241.60332969432	764.432541054451	660.170583775587	599.72186940966
Tb927_02_v5.1	1071018	1071418	66.4706106870229	85.1627307692308	154.955709342561	110.27046812749	179.734220532319	175.791736526946	153.315966386555	40.5941680129241	109.87570977918	33.8489795918367	62.3087656529517	65.5512867647059	34.9817210348706	101.623751891074	43.5914102564103	26.1884210526316	153.456713973799	43.0060501296456	45.268840030326	77.8859570661896
Tb927_02_v5.1	534243	534643	151.069569743234	211.4715	302.737543252595	438.603884462151	309.805038022814	847.67371257485	763.09537815126	136.653634894992	319.816798107256	59.8866562009419	184.700983899821	263.729595588235	163.714454443195	278.524357034796	126.52141025641	105.377218045113	490.246670305677	194.602376836646	184.847763457165	223.643962432916
Tb927_02_v5.1	1128666	1129066	164.881644691187	155.972192307692	393.128373702422	334.528386454183	428.051235741445	582.496347305389	623.717226890756	108.117140549273	323.740930599369	85.9243328100471	170.2364490161	196.653860294118	172.110067491564	218.302874432678	152.038333333333	79.8123308270677	342.222052401747	195.677528089888	152.78233510235	205.841457960644
Tb927_02_v5.1	598297	598697	149.34306037474	235.393615384615	290.541955017301	546.396364541833	295.615494296578	932.59005988024	604.552731092437	148.711308562197	355.133990536278	70.9526687598116	185.813640429338	262.205147058824	195.897637795276	297.343570347958	161.60717948718	92.9065413533835	596.172543668122	197.82783059637	176.359855951478	206.954114490161
Tb927_02_v5.1	456876	457276	89.7784871616933	94.7315769230769	189.390311418685	113.987450199203	270.783792775665	245.810479041916	212.551680672269	55.0633764135703	115.76190851735	49.4715855572998	50.0695438282648	89.9424632352941	64.366366704162	71.5130105900151	41.465	19.3295488721805	143.950545851528	59.1333189282627	55.6429492039424	99.0264311270125
Tb927_02_v5.1	859121	859521	90.6417418459403	177.980538461538	230.281401384083	376.654183266932	238.857319391635	527.375209580838	452.978991596639	86.0114054927302	178.548028391167	55.3300627943485	94.5758050089445	172.262683823529	121.73638920135	159.963313161876	90.3724358974359	77.9417293233083	412.839301310044	127.942999135696	107.513495072024	140.194722719141
Tb927_02_v5.1	634599	634999	94.0947605829285	122.481230769231	167.868685121107	242.842828685259	204.565922053232	388.82748502994	280.498529411765	62.6999030694669	166.775630914827	54.0281789638933	90.1251788908766	141.773713235294	86.7546681664792	139.262178517398	88.2460256410256	44.8944360902256	224.073962882096	93.5381590319793	81.1066717210008	136.85675313059
Tb927_02_v5.1	404014	404414	132.077966689799	167.454807692308	228.846626297578	503.031573705179	305.075190114068	515.457125748503	543.574789915966	108.92098546042	264.878943217666	61.1885400313972	130.180813953488	178.360477941176	138.527615298088	169.372919818457	130.774230769231	61.7298496240602	414.197325327511	150.52117545376	133.920318423048	149.095974955277
Tb927_02_v5.1	966790	967190	92.3682512144344	206.687076923077	187.238148788927	432.408914342629	283.790874524715	633.148203592814	479.112394957983	88.8248626817448	204.054889589905	50.7734693877551	133.518783542039	178.360477941176	138.527615298088	161.845234493192	99.9412820512821	67.3416541353383	478.024454148472	147.295721694036	130.147915087187	156.884570661896
Tb927_02_v5.1	1085354	1085754	130.351457321305	223.911	242.476989619377	619.497011952191	318.082271863118	999.629281437126	864.144537815126	184.482407108239	415.958044164038	55.3300627943485	232.545214669052	243.911764705882	158.117379077615	344.391603630862	154.164743589744	105.377218045113	645.061408296943	220.406006914434	199.937376800607	208.066771019678
Tb927_03_v5.1	178401	178801	118.265891741846	226.781653846154	295.563667820069	488.163645418327	302.710266159696	1081.56610778443	759.610924369748	155.543990306947	461.085567823344	85.9243328100471	218.080679785331	327.756433823529	254.666929133858	331.218154311649	266.864487179487	109.741954887218	602.962663755459	223.631460674157	235.775208491281	264.812254025045
Tb927_03_v5.1	467437	467837	132.941221374046	203.816423076923	244.629152249135	507.987549800797	282.608412547529	825.327305389222	686.437394957983	155.543990306947	311.968533123028	61.1885400313972	188.038953488372	211.898345588235	159.51664791901	276.64243570348	159.480769230769	115.353759398496	522.839246724891	206.429040622299	176.359855951478	180.250357781753
Tb927_03_v5.1	741548	741948	139.847258848022	196.161346153846	315.650519031142	396.478087649402	346.461359315589	852.142994011976	703.859663865546	177.64972536349	286.46167192429	65.094191522763	196.940205724508	189.031617647059	153.919572553431	254.059379727685	132.900641025641	104.753684210526	454.938045851528	218.255704407952	173.530553449583	229.207245080501
Tb927_03_v5.1	53891	54291	233.942019430951	206.687076923077	187.238148788927	561.264292828685	224.667775665399	704.656706586826	452.978991596639	116.557512116317	415.958044164038	124.980847723705	232.545214669052	269.827389705882	160.915916760405	304.871255673222	222.209871794872	106.000751879699	479.382478165939	184.926015557476	173.530553449583	172.461762075134
Tb927_03_v5.1	1481564	1481964	106.180326162387	149.274	250.368252595156	267.622709163347	251.864401140684	488.641437125748	350.187605042017	81.9921809369952	233.485883280757	53.3772370486656	100.13908765653	125.004779411765	97.9488188976378	173.136762481089	88.2460256410256	46.765037593985	329.999836244542	108.590276577355	89.5945792266869	113.490966010733
Tb927_03_v5.1	1538875	1539275	107.906835530881	147.360230769231	252.520415224913	412.585009960159	308.622576045627	732.962155688623	534.863655462185	122.184426494346	366.906388012618	68.9998430141287	172.461762075134	185.982720588235	176.307874015748	225.830559757943	124.395	77.3181954887218	533.703438864629	196.752679343129	166.928847611827	206.954114490161
Tb927_03_v5.1	491710	492110	81.1459403192228	118.653692307692	169.303460207612	303.553535856574	179.734220532319	390.317245508982	257.849579831933	84.0017932148627	158.927365930599	45.5659340659341	113.490966010733	112.809191176471	74.1612485939258	165.609077155825	77.6139743589744	53.6239097744361	376.172652838428	86.0121002592913	67.903260045489	99.0264311270125
Tb927_03_v5.1	319492	319892	127.761693268564	221.040346153846	248.93347750865	551.35234063745	348.826283269962	776.165209580838	646.366176470588	140.270936995153	266.841009463722	69.6507849293564	193.602236135957	227.142830882353	174.908605174353	239.004009077156	150.975128205128	107.247819548872	630.123144104804	190.301771823682	194.278771796816	193.602236135957
Tb927_03_v5.1	390757	391157	22.4446217904233	25.8358846153846	25.1085640138408	43.3647908366534	13.0070817490494	107.262754491018	71.4313025210084	14.8711308562197	56.8999211356467	9.76412872841444	22.2531305903399	42.6845588235294	22.3883014623172	47.0480332829047	23.3905128205128	9.97654135338346	63.8271288209607	17.2024200518583	24.5206216830933	18.9151610017889
Tb927_03_v5.1	1127362	1127762	181.283483691881	294.720461538462	352.237283737024	562.50328685259	405.584458174905	1190.31862275449	892.020168067227	205.784297253635	351.209858044164	63.1413657770801	213.630053667263	332.329779411765	215.487401574803	340.62776096823	191.376923076923	134.05977443609	779.505786026201	268.787813310285	229.173502653525	223.643962432916
Tb927_03_v5.1	109430	109830	34.530187369882	22.0083461538462	27.9781141868512	74.3396414342629	20.1018536121673	64.0597005988024	33.1023109243697	12.4595961227787	62.786119873817	19.5282574568289	23.3657871198569	35.0623161764706	22.3883014623172	30.110741301059	26.5801282051282	16.8354135338346	74.6913209606987	24.7284788245462	22.634420015163	14.4645348837209
Tb927_03_v5.1	722830	723230	126.898438584316	229.652307692308	220.955363321799	625.691982071713	305.075190114068	966.854550898204	785.744327731092	202.568917609047	300.196135646688	55.3300627943485	196.940205724508	216.471691176471	179.106411698538	259.705143721634	156.291153846154	102.883082706767	722.468777292577	213.955099394987	164.099545109932	175.799731663685
Tb927_03_v5.1	879198	879598	77.6929215822346	137.791384615385	158.542647058824	292.402589641434	148.990209125475	645.06628742515	625.459453781513	95.6575444264944	278.613406940063	54.0281789638933	145.758005366726	135.675919117647	97.9488188976378	169.372919818457	136.090256410256	77.3181954887218	300.123307860262	135.469057908384	121.660007581501	132.406127012522
Tb927_04_v5.1	1578487	1578887	346.165128383067	409.546615384615	462.714965397924	717.377539840637	525.013117870722	878.958682634731	719.539705882353	169.611276252019	735.774842271293	248.659811616954	290.403354203936	379.587683823529	271.458155230596	378.266187594554	321.087948717949	131.565639097744	533.703438864629	262.336905790838	233.889006823351	321.557737030411
Tb927_04_v5.1	768586	768986	140.710513532269	220.083461538462	254.672577854671	490.641633466135	344.096435361217	875.979161676647	662.046218487395	176.443957996769	243.296214511041	58.5847723704867	220.305992844365	208.849448529412	159.51664791901	334.981996974281	152.038333333333	97.8948120300752	541.851582969432	219.330855661193	216.913191811979	195.827549194991
Tb927_04_v5.1	194124	194524	117.402637057599	189.463153846154	225.977076124567	507.987549800797	263.689020912548	986.221437125748	669.01512605042	149.515153473344	355.133990536278	49.4715855572998	188.038953488372	214.947242647059	169.311529808774	265.350907715582	175.428846153846	130.318571428571	524.197270742358	210.729645635264	194.278771796816	194.714892665474
Tb927_04_v5.1	1525881	1526281	67.33386537127	85.1627307692308	86.0865051903114	216.823954183267	108.786501901141	286.034011976048	191.644957983193	48.2306946688207	145.192902208202	46.2168759811617	75.6606440071556	111.284742647059	64.366366704162	122.324886535552	104.194102564103	41.7767669172932	211.851746724891	68.809680207433	66.0170583775588	63.4214221824687
Tb927_04_v5.1	1308968	1309368	104.453816793893	179.894307692308	223.82491349481	514.182519920319	257.776711026616	716.574790419162	613.263865546218	138.663247172859	333.551261829653	54.6791208791209	181.36301431127	163.115992647059	163.714454443195	222.06671709531	131.837435897436	94.1536090225564	589.382423580786	189.226620570441	166.928847611827	164.673166368515
Tb927_04_v5.1	477973	478373	100.137543372658	108.127961538462	191.542474048443	96.6415338645418	242.404705323194	192.179101796407	146.347058823529	43.0057027463651	162.851498422713	80.7167974882261	64.5340787119857	74.6979779411765	61.5678290213723	99.741830559758	64.8555128205128	34.9178947368421	107.283897379913	54.8327139152982	38.6671341925701	87.8998658318426
Tb927_04_v5.1	1169927	1170327	36.2566967383761	22.0083461538462	61.6953287197232	37.1698207171315	83.9548003802281	156.424850299401	146.347058823529	30.5461066235864	49.0516561514196	9.11318681318681	26.7037567084079	35.0623161764706	23.787570303712	30.110741301059	19.1376923076923	16.8354135338346	67.9012008733625	32.2545375972342	29.2361258529189	37.8303220035778
Tb927_04_v5.1	381318	381718	116.539382373352	210.514615384615	242.476989619377	450.993824701195	313.352423954373	892.366526946108	667.272899159664	166.395896607431	310.006466876972	57.2828885400314	198.052862254025	170.738235294118	148.322497187852	252.177458396369	135.027051282051	116.600827067669	509.259006550218	196.752679343129	183.904662623199	191.376923076923
Tb927_04_v5.1	1491238	1491638	30.2139139486468	45.9304615384615	35.8693771626298	92.9245517928287	50.8458650190114	107.262754491018	81.8846638655462	25.7230371567044	78.4826498422713	18.2263736263736	36.7176654740608	44.2090073529412	33.5824521934758	43.2841906202723	32.959358974359	19.3295488721805	84.1974890829694	29.0290838375108	30.179226686884	28.9290697674419
Tb927_04_v5.1	285745	286145	104.453816793893	221.040346153846	243.911764705882	407.629033864542	276.696102661597	771.695928143713	646.366176470588	127.811340872375	239.372082018927	55.9810047095761	165.785822898032	184.458272058824	128.732733408324	220.184795763994	135.027051282051	84.8006015037594	486.172598253275	169.8738980121	139.578923426839	155.771914132379
Tb927_04_v5.1	108531	108931	132.941221374046	209.557730769231	279.781141868512	458.427788844622	367.745674904943	852.142994011976	625.459453781513	138.261324717286	274.68927444795	78.7639717425432	188.038953488372	195.129411764706	132.930539932508	267.232829046899	141.406282051282	90.4124060150376	532.345414847162	164.498141745895	138.635822592873	206.954114490161
Tb927_04_v5.1	1514019	1514419	173.514191533657	154.058423076923	286.237629757785	265.144721115538	281.425950570342	436.499820359281	271.787394957983	67.9248949919225	323.740930599369	93.7356357927787	124.617531305903	181.409375	138.527615298088	176.900605143722	133.963846153846	57.3651127819549	248.518395196507	104.289671564391	104.684192570129	150.208631484794
Tb927_04_v5.1	1581139	1581539	126.035183900069	167.454807692308	160.694809688581	449.754830677291	172.639448669202	363.501556886228	250.880672268908	71.542197092084	284.499605678233	72.9054945054945	139.082066189624	172.262683823529	114.740044994376	186.310211800303	158.417564102564	57.9886466165414	344.938100436681	111.815730337079	111.285898407885	135.744096601073
Tb927_04_v5.1	880904	881304	145.890041637752	214.342153846154	312.063581314879	462.144770916335	373.657984790875	794.042335329341	709.086344537815	144.692084006462	286.46167192429	55.3300627943485	181.36301431127	169.213786764706	124.534926884139	282.288199697428	155.227948717949	79.8123308270677	509.259006550218	201.053284356093	213.140788476118	234.770527728086
Tb927_04_v5.1	450978	451378	2.58976405274115	0	0.717387543252595	1.23899402390438	5.91230988593156	19.3668862275449	10.4533613445378	3.61730210016155	0	1.30188383045526	1.11265652951699	3.04889705882353	1.39926884139483	3.76384266263238	0	0.623533834586466	2.7160480349345	2.15030250648228	2.82930250189538	3.33796958855098
Tb927_04_v5.1	759969	760369	110.496599583622	199.032	169.303460207612	521.616484063745	224.667775665399	788.083293413174	592.357142857143	156.347835218094	298.234069400631	46.2168759811617	171.349105545617	196.653860294118	139.926884139483	244.649773071104	141.406282051282	110.365488721805	559.505895196507	209.654494382022	168.815049279757	172.461762075134
Tb927_05_v5.1	1134791	1135191	113.949618320611	213.385269230769	284.80285467128	453.471812749004	316.899809885932	800.001377245509	719.539705882353	123.390193861066	333.551261829653	56.6319466248038	149.095974955277	193.604963235294	187.502024746907	239.004009077156	191.376923076923	94.7771428571429	469.876310043668	184.926015557476	199.937376800607	205.841457960644
Tb927_05_v5.1	502197	502597	85.462213740458	150.230884615385	228.129238754325	231.69188247012	293.250570342205	482.682395209581	320.56974789916	69.93450726979	231.5238170347	70.301726844584	116.828935599284	219.520588235294	201.494713160855	195.719818456884	133.963846153846	39.9061654135338	304.197379912664	118.266637856525	90.537680060652	123.504874776386
Tb927_05_v5.1	197904	198304	152.796079111728	213.385269230769	381.650173010381	338.245368525896	444.605703422053	667.412694610778	583.646008403361	114.547899838449	341.39952681388	86.5752747252747	150.208631484794	201.227205882353	172.110067491564	201.365582450832	123.331794871795	71.0828571428572	391.110917030568	180.625410544512	157.497839272176	175.799731663685
Tb927_05_v5.1	1311447	1311847	113.949618320611	162.670384615385	203.020674740484	437.364890438247	237.674857414449	570.578263473054	524.410294117647	128.615185783522	282.537539432177	52.726295133438	164.673166368515	138.724816176471	135.729077615298	225.830559757943	123.331794871795	77.9417293233083	427.777565502183	147.295721694036	157.497839272176	139.082066189624
Tb927_05_v5.1	510422	510822	67.33386537127	112.912384615385	216.651038062284	120.182420318725	242.404705323194	275.605688622754	207.325	54.6614539579968	111.837776025237	44.9149921507064	63.4214221824687	134.151470588235	96.549550056243	107.269515885023	81.8667948717949	29.9296240601504	195.555458515284	56.9830164217805	75.44806671721	95.6884615384615
Tb927_05_v5.1	1548224	1548624	351.34465648855	666.948576923077	434.736851211073	2065.40303784861	503.728802281369	2438.73790419162	2054.08550420168	333.193715670436	1247.87413249211	212.858006279435	575.243425760286	574.717095588235	486.945556805399	773.469667170953	491.200769230769	285.578496240602	1933.82620087336	539.725929127053	480.981425322214	436.161359570662
Tb927_05_v5.1	11252	11652	85.462213740458	44.9735769230769	116.934169550173	104.075498007968	101.691730038023	144.506766467066	92.338025210084	25.3211147011309	92.2171135646688	34.4999215070644	50.0695438282648	50.3068014705882	41.9780652418448	67.7491679273828	42.5282051282051	20.5766165413534	78.7653930131005	40.8557476231634	33.9516300227445	48.9568872987478
Tb927_05_v5.1	1594686	1595086	101.000798056905	57.4130769230769	120.521107266436	167.264193227092	139.530513307985	192.179101796407	162.027100840336	37.378788368336	172.661829652997	59.8866562009419	63.4214221824687	86.8935661764706	79.7583239595051	90.332223903177	66.9819230769231	29.3060902255639	119.506113537118	59.1333189282627	53.7567475360121	70.0973613595707
Tb927_05_v5.1	636044	636444	108.770090215128	207.643961538462	246.06392733564	542.67938247012	318.082271863118	816.38874251497	771.806512605042	159.161292407108	251.144479495268	43.6131083202512	191.376923076923	158.542647058824	155.318841394826	310.517019667171	146.722307692308	107.247819548872	685.802128820961	219.330855661193	209.368385140258	216.968023255814
Tb927_05_v5.1	1613029	1613429	59.5645732130465	82.2920769230769	55.2388408304498	206.912001992032	92.2320342205323	241.34119760479	148.089285714286	38.182633279483	129.496372239748	24.7357927786499	56.7454830053667	82.3202205882353	47.5751406074241	92.2141452344932	64.8555128205128	34.9178947368421	141.234497816594	64.5090751944685	54.6998483699773	67.8720483005367
Tb927_05_v5.1	354281	354681	64.7441013185288	78.4645384615385	218.085813148789	172.220169322709	227.032699619772	466.29502994012	369.352100840336	81.9921809369952	98.1033123028391	14.9716640502355	70.0973613595707	115.858088235294	83.9561304836895	163.727155824508	65.918717948718	46.1415037593985	187.40731441048	107.515125324114	68.8463608794541	107.927683363148
Tb927_05_v5.1	8066	8466	75.1031575294934	127.265653846154	152.08615916955	287.446613545817	131.253279467681	478.213113772455	385.032142857143	88.8248626817448	223.675552050473	49.4715855572998	153.546601073345	126.529227941176	114.740044994376	137.380257186082	114.826153846154	49.2591729323308	247.160371179039	106.439974070873	97.1393858984079	90.1251788908766
Tb927_05_v5.1	1574934	1575334	211.497397640527	204.773307692308	278.346366782007	439.842878486056	310.9875	490.13119760479	343.218697478992	96.4613893376414	417.920110410095	126.28273155416	168.011135957066	190.556066176471	162.3151856018	214.539031770045	157.354358974359	76.0711278195489	332.715884279476	133.318755401901	133.920318423048	152.433944543828
Tb927_05_v5.1	865914	866314	110.496599583622	173.196115384615	215.933650519031	381.61015936255	282.608412547529	688.269341317365	581.903781512605	143.084394184168	319.816798107256	59.2357142857143	160.222540250447	193.604963235294	128.732733408324	231.476323751891	146.722307692308	82.93	459.01211790393	199.978133102852	165.985746777862	133.518783542039
Tb927_05_v5.1	1713507	1713907	75.9664122137405	69.8525769230769	157.825259515571	115.226444223108	176.18683460076	187.709820359281	170.738235294118	41.3980129240711	86.3309148264984	40.358398744113	53.4075134168157	71.6490808823529	71.3627109111361	88.4503025718608	52.0970512820513	24.3178195488722	76.0493449781659	53.757562662057	40.5533358605004	51.1822003577818
Tb927_05_v5.1	1684804	1685204	22.4446217904233	22.9652307692308	34.4346020761246	37.1698207171315	37.838783269962	75.9777844311377	36.5867647058824	12.8615185783522	35.3171924290221	14.3207221350079	8.90125223613596	19.8178308823529	26.5861079865017	24.4649773071104	21.2641025641026	5.6118045112782	38.024672489083	6.45090751944685	12.2603108415466	15.5771914132379
Tb927_05_v5.1	795193	795593	134.66773074254	221.040346153846	285.520242214533	504.270567729084	405.584458174905	823.83754491018	675.984033613445	177.64972536349	308.044400630915	62.4904238618524	173.574418604651	245.436213235294	151.121034870641	289.815885022693	144.595897435897	110.365488721805	567.65403930131	223.631460674157	220.685595147839	219.193336314848
Tb927_05_v5.1	543046	543446	174.377446217904	320.556346153846	436.171626297578	651.710856573705	514.370960076046	1145.62580838323	1118.50966386555	212.215056542811	417.920110410095	79.4149136577708	233.657871198569	288.120772058824	205.692519685039	389.557715582451	710.221025641026	136.553909774436	875.925491266376	295.666594641314	245.206216830933	305.980545617174
Tb927_05_v5.1	1742511	1742911	17.265093684941	39.2322692307692	31.5650519031142	115.226444223108	35.4738593155894	86.4061077844311	60.9779411764706	15.2730533117932	66.7102523659306	14.3207221350079	30.0417262969589	22.8667279411765	25.1868391451069	39.5203479576399	29.7697435897436	18.706015037594	104.567849344978	21.5030250648228	23.5775208491281	23.3657871198569
Tb927_05_v5.1	455952	456352	139.847258848022	226.781653846154	281.93330449827	390.28311752988	345.278897338403	896.835808383233	763.09537815126	165.993974151858	308.044400630915	68.3489010989011	183.588327370304	225.618382352941	167.912260967379	299.225491679274	143.532692307692	84.8006015037594	525.555294759825	234.382973206569	205.595981804397	182.475670840787
Tb927_05_v5.1	190946	191346	141.573768216516	213.385269230769	325.693944636678	385.327141434263	384.300142585551	960.895508982036	717.797478991597	107.313295638126	325.702996845426	78.1130298273155	123.504874776386	326.231985294118	173.509336332958	223.948638426626	170.112820512821	74.8240601503759	468.518286026201	164.498141745895	162.213343442002	193.602236135957
Tb927_05_v5.1	1512750	1513150	113.086363636364	93.7746923076923	159.977422145329	221.779930278884	141.895437262357	275.605688622754	200.356092436975	52.2499192245557	200.130757097792	73.5564364207221	104.589713774597	103.6625	69.9634420697413	143.02602118003	120.142179487179	44.8944360902256	186.049290393013	74.1854364736387	64.1308567096285	119.054248658318
Tb927_05_v5.1	1680660	1681060	61.2910825815406	48.8011153846154	102.586418685121	71.8616533864542	95.7794201520913	113.221796407186	73.1735294117647	20.8999676898223	96.1412460567824	34.4999215070644	23.3657871198569	50.3068014705882	34.9817210348706	41.4022692889561	30.8329487179487	10.6000751879699	46.1728165938865	31.1793863439931	27.3499241849886	52.2948568872987
Tb927_05_v5.1	422505	422905	138.120749479528	255.488192307692	260.411678200692	608.346065737052	383.117680608365	1072.62754491018	681.210714285714	154.338222940226	306.082334384858	60.5375981161695	215.855366726297	236.289522058824	187.502024746907	287.933963691377	186.060897435897	87.2947368421053	721.110753275109	221.481158167675	216.913191811979	215.855366726297
Tb927_05_v5.1	870661	871061	104.453816793893	184.678730769231	214.498875432526	643.037898406375	248.317015209125	829.796586826347	602.810504201681	146.299773828756	323.740930599369	59.8866562009419	195.827549194991	219.520588235294	149.721766029246	263.468986384266	160.543974358974	104.753684210526	712.962609170306	211.804796888505	199.937376800607	163.560509838998
Tb927_05_v5.1	1023933	1024333	67.33386537127	150.230884615385	169.303460207612	242.842828685259	203.383460076046	342.644910179641	217.778361344538	65.5133602584814	158.927365930599	66.3960753532182	78.9986135957066	157.018198529412	113.340776152981	135.498335854766	105.257307692308	39.9061654135338	312.345524017467	90.3127052722558	82.992873388931	105.702370304114
Tb927_05_v5.1	1254695	1255095	100.137543372658	161.7135	190.107698961938	427.452938247012	254.229325095057	664.433173652695	515.699159663866	114.547899838449	282.537539432177	43.6131083202512	147.98331842576	164.640441176471	146.923228346457	178.782526475038	135.027051282051	68.5887218045113	431.851637554585	141.919965427831	139.578923426839	165.785822898032
Tb927_05_v5.1	418999	419399	147.616551006246	237.307384615385	307.759256055363	350.63530876494	355.92105513308	895.346047904192	662.046218487395	149.515153473344	284.499605678233	76.1602040816327	171.349105545617	228.667279411765	162.3151856018	282.288199697428	149.911923076923	102.25954887218	558.147871179039	194.602376836646	182.961561789234	247.009749552773
Tb927_06_v5.1	1017629	1018029	147.616551006246	142.575807692308	258.976903114187	351.874302788845	294.433032319392	633.148203592814	529.636974789916	144.290161550889	331.589195583596	81.3677394034537	165.785822898032	193.604963235294	145.523959505062	254.059379727685	122.26858974359	83.5535338345865	415.555349344978	145.145419187554	152.78233510235	168.011135957066
Tb927_06_v5.1	1491504	1491904	59.5645732130465	45.9304615384615	61.6953287197232	64.4276892430279	56.758174904943	84.9163473053892	74.915756302521	15.6749757673667	94.1791798107256	31.8961538461538	34.4923524150268	33.5378676470588	32.183183352081	60.221482602118	32.959358974359	11.8471428571429	52.9629366812227	37.6302938634399	22.634420015163	48.9568872987478
Tb927_06_v5.1	117883	118283	9.49580152671756	12.4395	35.1519896193772	18.5849103585657	65.0354087452472	123.650119760479	116.729201680672	16.8807431340872	21.5827287066246	6.5094191522763	12.2392218246869	19.8178308823529	20.9890326209224	20.7011346444781	9.56884615384615	3.11766917293233	35.3086244541485	17.2024200518583	18.8620166793025	16.6898479427549
Tb927_06_v5.1	1370683	1371083	140.710513532269	199.988884615385	211.629325259516	302.314541832669	253.046863117871	531.844491017964	416.392226890756	102.892148626817	258.992744479495	59.8866562009419	129.068157423971	132.627022058824	106.344431946007	222.06671709531	95.6884615384615	67.3416541353383	319.135644104804	130.093301642178	95.2531842304776	137.969409660107
Tb927_06_v5.1	65688	66088	4.31627342123525	7.65507692307692	15.0651384083045	1.23899402390438	21.2843155893536	61.0801796407186	57.493487394958	6.43075928917609	31.3930599369085	4.55659340659341	7.78859570661896	10.6711397058824	18.1904949381327	20.7011346444781	15.9480769230769	7.48240601503759	10.864192139738	6.45090751944685	20.7482183472328	12.2392218246869
Tb927_06_v5.1	256694	257094	110.496599583622	197.118230769231	256.107352941176	498.075597609562	352.373669201521	963.87502994012	888.535714285714	192.118933764136	282.537539432177	56.6319466248038	212.517397137746	185.982720588235	121.73638920135	334.981996974281	164.796794871795	117.224360902256	577.160207423581	235.45812445981	227.287300985595	226.981932021467
Tb927_06_v5.1	1322599	1322999	131.214712005552	254.531307692308	307.759256055363	542.67938247012	385.482604562738	890.876766467066	764.837605042017	177.247802907916	380.640851735016	59.2357142857143	194.714892665474	201.227205882353	156.71811023622	342.509682299546	166.923205128205	108.494887218045	635.555240174673	211.804796888505	211.254586808188	243.671779964222
Tb927_06_v5.1	1326165	1326565	124.308674531575	186.5925	234.585726643599	517.899501992032	266.05394486692	680.820538922156	601.068277310924	141.476704361874	264.878943217666	57.2828885400314	165.785822898032	160.067095588235	162.3151856018	229.594402420575	129.711025641026	81.6829323308271	526.913318777293	212.879948141746	177.302956785444	147.98331842576
Tb927_06_v5.1	444379	444779	135.530985426787	224.867884615385	267.585553633218	531.52843625498	405.584458174905	983.241916167665	811.877731092437	165.592051696284	278.613406940063	68.3489010989011	193.602236135957	182.933823529412	183.304218222722	286.052042360061	158.417564102564	107.247819548872	672.221888646288	234.382973206569	183.904662623199	228.094588550984
Tb927_06_v5.1	667192	667592	124.308674531575	209.557730769231	351.519896193772	286.207619521912	371.293060836502	601.863233532934	555.770378151261	117.361357027464	282.537539432177	75.509262166405	140.194722719141	205.800551470588	152.520303712036	237.12208774584	455.051794871795	79.1887969924812	363.950436681223	148.370872947277	144.294427596664	185.813640429338
Tb927_06_v5.1	1009712	1010112	132.077966689799	129.179423076923	173.607785467128	401.43406374502	228.215161596958	503.539041916168	344.960924369748	86.0114054927302	217.789353312303	61.8394819466248	103.477057245081	170.738235294118	103.545894263217	163.727155824508	130.774230769231	55.4945112781955	446.789901746725	94.6133102852204	99.0255875663381	119.054248658318
Tb927_06_v5.1	945715	946115	128.624947952811	156.929076923077	263.281228373702	251.51578685259	238.857319391635	449.907664670659	388.516596638655	100.480613893376	204.054889589905	61.8394819466248	137.969409660107	170.738235294118	116.139313835771	184.428290468986	99.9412820512821	49.8827067669173	332.715884279476	110.740579083838	122.603108415466	166.898479427549
Tb927_06_v5.1	54594	54994	199.411832061069	587.527153846154	449.801989619377	1178.28331673307	554.57466730038	2172.07077844311	1923.41848739496	259.239983844911	900.588406940063	158.178885400314	418.35885509839	483.250183823529	388.996737907762	590.923298033283	318.961538461538	223.848646616541	1454.44372270742	403.181719965428	380.069636087945	382.753846153846
Tb927_06_v5.1	544463	544863	110.496599583622	199.988884615385	308.476643598616	268.861703187251	371.293060836502	487.151676646707	454.721218487395	101.686381260097	227.599684542587	54.0281789638933	134.631440071556	126.529227941176	82.5568616422947	161.845234493192	94.6252564102564	54.870977443609	362.592412663756	122.56724286949	127.318612585292	147.98331842576
Tb927_06_v5.1	452616	453016	111.35985426787	192.333807692308	233.150951557093	386.566135458167	313.352423954373	712.105508982036	569.708193277311	108.92098546042	251.144479495268	42.3112244897959	145.758005366726	173.787132352941	100.747356580427	214.539031770045	143.532692307692	82.3064661654135	461.728165938865	130.093301642178	125.432410917362	145.758005366726
Tb927_06_v5.1	347324	347724	79.4194309507287	85.1627307692308	200.868512110727	64.4276892430279	264.871482889734	107.262754491018	111.502521008403	19.2922778675283	115.76190851735	60.5375981161695	32.2670393559928	105.186948529412	50.3736782902137	65.8672465960666	63.7923076923077	14.9648120300752	70.6172489082969	38.7054451166811	37.724033358605	76.7733005366726
Tb927_06_v5.1	876499	876899	122.582165163081	165.541038461538	183.651211072664	410.107021912351	235.309933460076	583.986107784431	494.79243697479	129.419030694669	339.437460567823	62.4904238618524	157.997227191413	198.178308823529	131.531271091114	242.767851739788	126.52141025641	88.5418045112782	429.135589519651	159.122385479689	146.180629264594	154.659257602862
Tb927_06_v5.1	719962	720362	26.7608952116586	29.6634230769231	54.5214532871972	38.4088147410359	57.9406368821293	92.3651497005988	106.275840336134	19.2922778675283	47.0895899053628	10.4150706436421	23.3657871198569	22.8667279411765	20.9890326209224	18.8192133131619	14.8848717948718	11.8471428571429	54.32096069869	20.4278738115817	22.634420015163	30.0417262969589
Tb927_06_v5.1	922762	923162	94.9580152671756	79.4214230769231	187.238148788927	121.421414342629	232.945009505703	192.179101796407	174.22268907563	49.8383844911147	113.799842271293	30.5942700156986	64.5340787119857	77.746875	50.3736782902137	120.442965204236	53.1602564102564	29.3060902255639	129.012281659389	58.0581676750216	55.6429492039424	81.2239266547406
Tb927_06_v5.1	402736	403136	145.890041637752	216.255923076923	298.43321799308	436.125896414343	334.636739543726	798.511616766467	702.11743697479	149.113231017771	231.5238170347	62.4904238618524	181.36301431127	219.520588235294	194.498368953881	306.753177004539	133.963846153846	100.388947368421	554.073799126638	180.625410544512	170.701250947688	205.841457960644
Tb927_06_v5.1	1596890	1597290	17.265093684941	29.6634230769231	12.1955882352941	99.1195219123506	27.1966254752852	72.9982634730539	54.0090336134454	10.0480613893376	62.786119873817	17.575431711146	27.8164132379249	27.4400735294118	23.787570303712	43.2841906202723	27.6433333333333	14.9648120300752	78.7653930131005	20.4278738115817	21.6913191811979	17.8025044722719
Tb927_06_v5.1	835015	835415	127.761693268564	151.187769230769	241.759602076125	360.547260956175	271.966254752852	692.738622754491	573.192647058823	132.634410339257	286.46167192429	63.7923076923077	169.123792486583	216.471691176471	184.703487064117	207.011346444781	115.889358974359	79.1887969924812	448.147925764192	172.024200518583	165.042645943897	178.025044722719
Tb927_06_v5.1	1587096	1587496	58.7013185287994	51.6717692307692	62.4127162629758	107.792480079681	96.9618821292776	49.1620958083832	52.2668067226891	13.6653634894992	92.2171135646688	29.2923861852433	37.8303220035778	47.2579044117647	26.5861079865017	48.9299546142209	37.2121794871795	16.8354135338346	70.6172489082969	24.7284788245462	25.4637225170584	43.3936046511628
Tb927_06_v5.1	889529	889929	114.812873004858	153.101538461538	236.737889273356	514.182519920319	255.411787072243	771.695928143713	548.801470588235	142.682471728595	304.120268138801	67.6979591836735	159.10988372093	222.569485294118	167.912260967379	246.531694402421	142.469487179487	79.1887969924812	539.135534934498	147.295721694036	168.815049279757	180.250357781753
Tb927_06_v5.1	1154584	1154984	101.000798056905	138.748269230769	247.498702422145	287.446613545817	271.966254752852	508.008323353293	398.969957983193	99.2748465266559	207.979022082019	53.3772370486656	92.3504919499106	147.871507352941	121.73638920135	154.317549167927	76.5507692307692	48.0121052631579	256.66653930131	118.266637856525	113.172100075815	140.194722719141
Tb927_06_v5.1	637858	638258	116.539382373352	152.144653846154	269.737716262976	276.295667330677	276.696102661597	522.905928143713	411.165546218487	86.4133279483037	213.865220820189	46.2168759811617	114.60362254025	149.395955882353	92.3517435320585	150.553706505295	81.8667948717949	48.6356390977444	329.999836244542	134.393906655143	99.9686884003033	115.716279069767
Tb927_06_v5.1	272901	273301	90.6417418459403	124.395	223.82491349481	244.081822709163	270.783792775665	330.726826347305	275.271848739496	57.8768336025848	133.420504731861	59.2357142857143	82.3365831842576	114.333639705882	96.549550056243	111.033358547655	72.2979487179487	45.517969924812	262.098635371179	94.6133102852204	68.8463608794541	112.378309481216
Tb927_06_v5.1	542252	542652	133.804476058293	199.032	239.607439446367	395.239093625498	279.06102661597	727.003113772455	548.801470588235	131.83056542811	343.361593059937	61.8394819466248	161.335196779964	147.871507352941	142.725421822272	270.996671709531	105.257307692308	85.4241353383459	487.530622270742	131.168452895419	140.522024260804	172.461762075134
Tb927_06_v5.1	119333	119733	106.180326162387	182.764961538462	418.954325259516	173.459163346614	494.269106463878	898.325568862275	944.286974789916	157.553602584814	249.182413249211	55.3300627943485	107.927683363148	283.547426470588	197.29690663667	203.247503782148	183.934487179487	58.6121804511278	327.283788209607	148.370872947277	134.863419257013	162.447853309481
Tb927_06_v5.1	1461354	1461754	110.496599583622	95.6884615384615	180.064273356401	178.415139442231	166.72713878327	272.626167664671	224.747268907563	51.8479967689822	182.472160883281	64.4432496075353	80.1112701252236	126.529227941176	71.3627109111361	97.8599092284418	88.2460256410256	30.5531578947368	152.098689956332	68.809680207433	61.3015542077331	105.702370304114
Tb927_06_v5.1	1166762	1167162	118.265891741846	171.282346153846	169.303460207612	313.465488047809	256.59424904943	519.926407185629	332.765336134454	86.0114054927302	284.499605678233	71.6036106750392	110.152996422182	149.395955882353	120.337120359955	171.254841149773	94.6252564102564	61.7298496240602	319.135644104804	115.041184096802	120.716906747536	139.082066189624
Tb927_06_v5.1	815324	815724	89.7784871616933	137.791384615385	274.042041522491	195.761055776892	251.864401140684	366.481077844311	351.929831932773	88.8248626817448	202.092823343849	61.8394819466248	106.815026833631	150.920404411765	102.146625421822	139.262178517398	72.2979487179487	51.1297744360902	259.382587336245	108.590276577355	92.4238817285823	109.040339892665
Tb927_06_v5.1	1390403	1390803	136.394240111034	146.403346153846	241.759602076125	403.912051792829	269.601330798479	654.004850299401	461.69012605042	116.95943457189	268.803075709779	61.1885400313972	156.884570661896	173.787132352941	124.534926884139	220.184795763994	119.078974358974	77.3181954887218	376.172652838428	138.694511668107	151.839234268385	168.011135957066
Tb927_06_v5.1	287932	288332	176.967210270645	177.023653846154	423.976038062284	187.088097609562	470.619866920152	524.395688622755	404.196638655462	79.5806462035541	227.599684542587	123.67896389325	114.60362254025	210.373897058824	176.307874015748	182.54636913767	221.146666666667	56.7415789473684	236.296179039301	130.093301642178	104.684192570129	196.940205724508
Tb927_06_v5.1	818500	818900	111.35985426787	181.808076923077	209.477162629758	490.641633466135	258.959173003802	682.310299401198	500.019117647059	112.538287560582	280.57547318612	57.2828885400314	160.222540250447	198.178308823529	156.71811023622	248.413615733737	129.711025641026	82.3064661654135	601.604639737991	174.174503025065	166.928847611827	178.025044722719
Tb927_06_v5.1	855065	855465	123.445419847328	70.8094615384615	249.650865051903	110.27046812749	286.155798479087	138.547724550898	144.604831932773	36.1730210016155	111.837776025237	75.509262166405	51.1822003577818	92.9913602941177	67.1649043869516	79.0406959152799	41.465	26.1884210526316	124.938209606987	43.0060501296456	37.724033358605	90.1251788908766
Tb927_07_v5.1	315083	315483	111.35985426787	216.255923076923	248.216089965398	434.886902390438	371.293060836502	800.001377245509	721.281932773109	157.955525040388	302.158201892745	61.8394819466248	211.404740608229	173.787132352941	116.139313835771	237.12208774584	128.647820512821	99.7654135338346	498.39481441048	162.347839239412	152.78233510235	151.321288014311
Tb927_07_v5.1	1056501	1056901	94.9580152671756	158.842846153846	187.95553633218	197.000049800797	268.418868821293	300.931616766467	294.436344537815	67.9248949919225	131.458438485804	46.8678178963893	72.3226744186046	108.235845588235	61.5678290213723	105.387594553707	68.0451282051282	34.2943609022556	217.28384279476	72.0351339671564	65.0739575435936	86.7872093023256
Tb927_07_v5.1	917199	917599	107.043580846634	251.660653846154	290.541955017301	706.226593625498	281.425950570342	761.267604790419	818.846638655462	161.974749596123	302.158201892745	57.933830455259	183.588327370304	178.360477941176	131.531271091114	255.941301059002	145.659102564103	103.506616541353	775.431713973799	222.556309420916	196.164973464746	184.700983899821
Tb927_07_v5.1	298722	299122	144.163532269257	285.151615384615	323.54178200692	652.94985059761	352.373669201521	1111.36131736527	756.126470588235	150.318998384491	531.719952681388	100.895996860283	208.066771019678	350.623161764706	254.666929133858	325.5723903177	174.365641025641	126.577368421053	790.369978165939	255.885998271392	216.913191811979	234.770527728086
Tb927_07_v5.1	1599330	1599730	95.8212699514226	108.127961538462	134.868858131488	205.673007968128	182.099144486692	470.764311377246	376.321008403361	89.2267851373183	186.396293375394	47.518759811617	90.1251788908766	134.151470588235	118.93785151856	146.789863842663	99.9412820512821	66.7181203007519	268.888755458515	102.139369057908	111.285898407885	134.631440071556
Tb927_07_v5.1	532629	533029	146.753296321999	149.274	269.020328719723	424.974950199203	315.717347908745	604.842754491018	498.276890756303	148.309386106624	308.044400630915	80.0658555729984	169.123792486583	173.787132352941	184.703487064117	237.12208774584	138.216666666667	84.8006015037594	497.036790393013	153.746629213483	148.066830932525	194.714892665474
Tb927_07_v5.1	1254148	1254548	122.582165163081	288.979153846154	240.324826989619	878.446762948207	299.162880228137	1089.01491017964	928.606932773109	163.582439418417	427.730441640379	69.6507849293564	233.657871198569	269.827389705882	228.080821147357	321.808547655068	195.629743589744	111.612556390977	916.666211790393	265.562359550562	234.832107657316	245.897093023256
Tb927_07_v5.1	460149	460549	146.753296321999	164.584153846154	250.368252595156	382.849153386454	309.805038022814	563.129461077844	484.339075630252	116.95943457189	313.930599369085	69.6507849293564	153.546601073345	167.689338235294	155.318841394826	227.712481089259	125.458205128205	73.576992481203	459.01211790393	127.942999135696	132.977217589083	154.659257602862
Tb927_07_v5.1	814040	814440	103.590562109646	189.463153846154	209.477162629758	454.710806772908	269.601330798479	789.573053892216	566.223739495798	131.83056542811	239.372082018927	59.2357142857143	134.631440071556	185.982720588235	116.139313835771	274.760514372163	132.900641025641	92.283007518797	543.2096069869	159.122385479689	142.408225928734	168.011135957066
Tb927_07_v5.1	409278	409678	94.0947605829285	102.386653846154	147.064446366782	211.867978087649	240.039781368821	303.911137724551	270.045168067227	70.738352180937	147.154968454259	46.8678178963893	100.13908765653	100.613602941176	61.5678290213723	95.9779878971256	64.8555128205128	39.9061654135338	241.72827510917	77.4108902333621	76.3911675511751	104.589713774597
Tb927_07_v5.1	2052597	2052997	183.873247744622	418.158576923077	347.215570934256	940.396464143426	475.349714828897	1400.3748502994	1275.31008403361	237.938093699515	529.757886435331	117.169544740973	282.614758497317	272.876286764706	230.879358830146	425.314220877458	246.66358974359	137.177443609023	981.851364628821	281.689628349179	266.89753601213	278.164132379249
Tb927_07_v5.1	1969418	1969818	283.147536433033	557.863730769231	545.931920415225	1457.05697211155	687.010408745247	1711.73479041916	2134.22794117647	337.212940226171	833.878154574133	193.329748822606	408.344946332737	500.019117647059	358.212823397075	645.499016641452	361.489743589744	215.119172932331	1419.13509825328	478.442307692308	427.224677786202	358.275402504472
Tb927_07_v5.1	502262	502662	189.052775850104	86.1196153846154	477.062716262976	118.943426294821	426.868773764259	311.35994011976	379.805462184874	90.4325525040388	221.713485804416	97.6412872841444	71.2100178890877	181.409375	141.326152980877	126.088729198185	101.004487179487	36.7884962406015	127.654257641921	109.665427830596	90.537680060652	166.898479427549
Tb927_07_v5.1	779250	779650	135.530985426787	207.643961538462	284.80285467128	519.138496015936	267.236406844107	844.694191616766	560.997058823529	145.094006462036	288.423738170347	68.9998430141287	166.898479427549	192.080514705882	134.329808773903	252.177458396369	162.670384615385	104.13015037594	596.172543668122	190.301771823682	182.018460955269	175.799731663685
Tb927_07_v5.1	1145653	1146053	137.257494795281	195.204461538462	209.477162629758	631.886952191235	293.250570342205	797.021856287425	693.406302521008	169.611276252019	341.39952681388	62.4904238618524	210.292084078712	152.444852941176	177.707142857143	308.635098335855	154.164743589744	115.977293233083	632.839192139738	222.556309420916	201.823578468537	173.574418604651
Tb927_07_v5.1	573697	574097	119.129146426093	212.428384615385	202.303287197232	560.025298804781	302.710266159696	786.593532934132	662.046218487395	173.228578352181	370.830520504732	63.7923076923077	214.74271019678	205.800551470588	183.304218222722	274.760514372163	130.774230769231	107.247819548872	695.308296943232	208.579343128781	193.335670962851	202.503488372093
Tb927_07_v5.1	1355057	1355457	107.906835530881	234.436730769231	299.867993079585	449.754830677291	341.731511406844	780.634491017964	594.099369747899	122.586348949919	347.285725552051	57.933830455259	154.659257602862	178.360477941176	152.520303712036	244.649773071104	141.406282051282	90.4124060150376	552.71577510917	196.752679343129	176.359855951478	192.48957960644
Tb927_07_v5.1	331277	331677	18.1283483691881	9.56884615384615	47.3475778546713	12.3899402390438	41.3861692015209	37.2440119760479	34.8445378151261	8.03844911147011	13.7344637223975	6.5094191522763	11.1265652951699	9.14669117647059	8.39561304836895	11.2915279878971	8.50564102564103	3.11766917293233	12.2222161572052	17.2024200518583	6.60170583775588	15.5771914132379
Tb927_07_v5.1	134263	134663	127.761693268564	206.687076923077	246.06392733564	421.25796812749	315.717347908745	686.779580838323	564.481512605042	134.242100161551	286.46167192429	68.9998430141287	157.997227191413	167.689338235294	127.333464566929	222.06671709531	120.142179487179	77.3181954887218	486.172598253275	136.544209161625	144.294427596664	162.447853309481
Tb927_07_v5.1	1615120	1615520	85.462213740458	101.429769230769	163.564359861592	287.446613545817	247.134553231939	582.496347305389	411.165546218487	98.4710016155089	251.144479495268	45.5659340659341	99.0264311270125	179.884926470588	146.923228346457	197.6017397882	131.837435897436	65.471052631579	346.296124454149	139.769662921348	125.432410917362	151.321288014311
Tb927_07_v5.1	1486492	1486892	103.590562109646	166.497923076923	169.303460207612	395.239093625498	225.850237642586	610.801796407186	472.143487394958	97.6671567043619	298.234069400631	51.4244113029827	149.095974955277	161.591544117647	144.124690663667	254.059379727685	119.078974358974	77.9417293233083	483.456550218341	135.469057908384	143.351326762699	155.771914132379
Tb927_08_v5.1	1819074	1819474	108.770090215128	186.5925	237.455276816609	319.660458167331	309.805038022814	449.907664670659	376.321008403361	110.930597738288	237.410015772871	52.726295133438	113.490966010733	129.578125	72.7619797525309	190.074054462935	76.5507692307692	60.4827819548872	353.086244541485	130.093301642178	108.456595905989	161.335196779964
Tb927_08_v5.1	2031322	2031722	127.761693268564	230.609192307692	312.780968858131	598.434113545817	345.278897338403	1084.54562874251	860.660084033613	176.042035541196	331.589195583596	55.9810047095761	215.855366726297	246.960661764706	190.300562429696	286.052042360061	165.86	127.824436090226	662.715720524018	249.435090751945	248.035519332828	200.278175313059
Tb927_08_v5.1	1233172	1233572	49.2055170020819	42.1029230769231	116.21678200692	110.27046812749	112.3338878327	171.32245508982	128.924789915966	28.9384168012924	76.5205835962145	39.7074568288854	53.4075134168157	64.0268382352941	58.7692913385827	54.5757186081694	32.959358974359	23.6942857142857	129.012281659389	45.1563526361279	35.8378316906748	52.2948568872987
Tb927_08_v5.1	1225169	1225569	130.351457321305	221.040346153846	213.781487889273	506.748555776892	248.317015209125	762.757365269461	642.881722689076	144.692084006462	319.816798107256	54.6791208791209	178.025044722719	198.178308823529	155.318841394826	274.760514372163	127.584615384615	89.7888721804511	604.320687772926	172.024200518583	163.156444275967	165.785822898032
Tb927_08_v5.1	2284737	2285137	107.906835530881	92.8178076923077	210.19455017301	101.597509960159	248.317015209125	207.076706586826	179.449369747899	57.0729886914378	98.1033123028391	45.5659340659341	64.5340787119857	80.7957720588235	64.366366704162	97.8599092284418	44.6546153846154	28.6825563909774	93.7036572052402	73.1102852203976	42.4395375284306	82.3365831842576
Tb927_08_v5.1	1486847	1487247	154.522588480222	266.013923076923	293.411505190311	612.063047808765	387.84752851711	1041.3425748503	898.989075630252	179.257415185784	317.854731861199	84.6224489795918	215.855366726297	227.142830882353	158.117379077615	304.871255673222	171.176025641026	107.871353383459	676.29596069869	210.729645635264	220.685595147839	215.855366726297
Tb927_08_v5.1	1946239	1946639	121.718910478834	140.662038461538	257.542128027682	260.18874501992	328.724429657795	484.172155688623	343.218697478992	94.4517770597738	184.434227129338	51.4244113029827	100.13908765653	131.102573529412	103.545894263217	167.490998487141	82.93	49.8827067669173	293.333187772926	121.492091616249	116.944503411676	156.884570661896
Tb927_08_v5.1	170552	170952	111.35985426787	156.929076923077	154.955709342561	371.698207171315	203.383460076046	634.637964071856	451.236764705882	118.969046849758	294.309936908517	65.7451334379906	147.98331842576	184.458272058824	128.732733408324	214.539031770045	106.320512820513	71.7063909774436	437.283733624454	155.896931719965	141.465125094769	164.673166368515
Tb927_08_v5.1	332645	333045	117.402637057599	189.463153846154	223.107525951557	427.452938247012	269.601330798479	682.310299401198	611.521638655462	156.749757673667	311.968533123028	56.6319466248038	226.981932021467	187.507169117647	146.923228346457	270.996671709531	162.670384615385	101.636015037594	460.370141921397	192.452074330164	170.701250947688	173.574418604651
Tb927_08_v5.1	2296941	2297341	149.34306037474	148.317115384615	298.43321799308	199.478037848606	303.892728136882	493.110718562874	430.330042016807	91.2363974151858	215.827287066246	52.0753532182104	122.392218246869	112.809191176471	96.549550056243	161.845234493192	88.2460256410256	38.6590977443609	218.641866812227	102.139369057908	93.3669825625474	147.98331842576
Tb927_08_v5.1	2372582	2372982	85.462213740458	155.972192307692	175.759948096886	390.28311752988	230.580085551331	677.841017964072	439.041176470588	108.92098546042	229.561750788644	42.3112244897959	114.60362254025	193.604963235294	132.930539932508	161.845234493192	114.826153846154	61.7298496240602	482.098526200873	153.746629213483	128.261713419257	141.307379248658
Tb927_08_v5.1	1760245	1760645	144.163532269257	231.566076923077	307.759256055363	527.811454183267	348.826283269962	932.59005988024	841.495588235294	182.472794830372	315.892665615142	61.8394819466248	172.461762075134	225.618382352941	183.304218222722	310.517019667171	308.329487179487	122.836165413534	634.197216157205	235.45812445981	233.889006823351	245.897093023256
Tb927_08_v5.1	109922	110322	82.0091950034698	88.0333846153846	115.499394463668	174.698157370518	140.712975285171	274.115928143713	219.520588235294	44.6133925686591	182.472160883281	44.9149921507064	80.1112701252236	89.9424632352941	62.9670978627672	124.206807866868	78.6771794871795	34.9178947368421	162.96288209607	63.4339239412273	58.4722517058378	86.7872093023256
Tb927_08_v5.1	2153621	2154021	135.530985426787	227.738538461538	219.520588235294	525.333466135458	320.447195817491	992.180479041916	872.855672268908	190.109321486268	282.537539432177	62.4904238618524	228.094588550984	207.325	141.326152980877	321.808547655068	158.417564102564	113.483157894737	706.172489082969	273.08841832325	227.287300985595	190.264266547406
Tb927_08_v5.1	2269234	2269634	143.30027758501	261.2295	319.237456747405	877.207768924303	338.184125475285	1267.78616766467	1226.52773109244	239.143861066236	404.185646687697	65.094191522763	291.516010733453	219.520588235294	198.696175478065	400.849243570348	203.072179487179	145.283383458647	949.258788209607	308.568409680207	269.726838514026	267.037567084079
Tb927_08_v5.1	2473300	2473700	141.573768216516	232.522961538462	287.672404844291	579.849203187251	352.373669201521	1039.85281437126	878.082352941176	192.520856219709	382.602917981073	62.4904238618524	229.207245080501	292.694117647059	235.077165354331	323.690468986384	178.618461538462	120.342030075188	680.370032751092	245.13448573898	228.23040181956	241.446466905188
Tb927_08_v5.1	2436471	2436871	163.155135322693	216.255923076923	284.80285467128	470.817729083665	321.629657794677	795.532095808383	611.521638655462	125.399806138934	392.413249211357	83.9715070643642	166.898479427549	259.15625	218.285939257593	261.58706505295	171.176025641026	85.4241353383459	450.863973799127	195.677528089888	152.78233510235	208.066771019678
Tb927_08_v5.1	863043	863443	89.7784871616933	165.541038461538	157.107871972318	370.45921314741	195.106226235741	588.455389221557	458.205672268908	77.1691114701131	359.058123028391	60.5375981161695	142.420035778175	242.387316176471	173.509336332958	214.539031770045	143.532692307692	96.0242105263158	478.024454148472	210.729645635264	180.132259287339	171.349105545617
Tb927_08_v5.1	557122	557522	97.5477793199167	172.239230769231	265.43339100346	226.735906374502	289.703184410646	448.417904191617	350.187605042017	78.3748788368336	184.434227129338	49.4715855572998	97.9137745974955	138.724816176471	116.139313835771	148.671785173979	96.7516666666667	39.2826315789474	270.246779475983	102.139369057908	92.4238817285823	137.969409660107
Tb927_08_v5.1	1971741	1972141	131.214712005552	232.522961538462	331.433044982699	582.32719123506	396.124762357414	1026.44497005988	869.371218487395	172.02281098546	325.702996845426	46.2168759811617	188.038953488372	216.471691176471	160.915916760405	344.391603630862	167.98641025641	106.000751879699	669.505840611354	209.654494382022	228.23040181956	209.179427549195
Tb927_08_v5.1	1864032	1864432	71.6501387925052	72.7232307692308	109.760294117647	69.3836653386454	121.79358365019	183.240538922156	146.347058823529	33.7614862681745	84.3688485804417	36.4527472527473	38.9429785330948	56.4045955882353	51.7729471316086	56.4576399394856	37.2121794871795	28.6825563909774	96.4197052401747	67.7345289541919	55.6429492039424	76.7733005366726
Tb927_08_v5.1	1140331	1140731	126.898438584316	195.204461538462	224.542301038062	498.075597609562	250.681939163498	682.310299401198	564.481512605042	134.644022617124	282.537539432177	47.518759811617	175.799731663685	176.836029411765	125.934195725534	229.594402420575	124.395	99.1418796992481	517.407150655022	187.076318063959	177.302956785444	173.574418604651
Tb927_08_v5.1	1115650	1116050	119.129146426093	183.721846153846	241.759602076125	405.151045816733	292.068108365019	700.187425149701	527.89474789916	117.361357027464	274.68927444795	62.4904238618524	181.36301431127	173.787132352941	152.520303712036	201.365582450832	137.153461538462	76.6946616541353	502.468886462882	183.850864304235	167.871948445792	209.179427549195
Tb927_08_v5.1	927310	927710	100.137543372658	240.178038461538	243.911764705882	672.77375498008	340.549049429658	935.569580838323	872.855672268908	215.430436187399	311.968533123028	55.3300627943485	238.108497316637	176.836029411765	149.721766029246	291.697806354009	167.98641025641	129.071503759398	664.073744541485	266.637510803803	248.978620166793	214.74271019678
Tb927_08_v5.1	741065	741465	153.659333795975	281.324076923077	245.346539792388	732.24546812749	340.549049429658	962.385269461078	824.073319327731	197.343925686591	359.058123028391	80.0658555729984	236.99584078712	240.862867647059	146.923228346457	333.100075642965	194.566538461538	124.706766917293	761.851473799127	261.261754537597	229.173502653525	228.094588550984
Tb927_08_v5.1	1526932	1527332	91.5049965301874	121.524346153846	159.260034602076	237.886852589641	225.850237642586	415.643173652695	250.880672268908	67.1210500807754	188.358359621451	43.6131083202512	67.8720483005367	152.444852941176	75.5605174353206	118.56104387292	85.0564102564103	44.2709022556391	287.901091703057	107.515125324114	80.1635708870356	127.955500894454
Tb927_08_v5.1	517029	517429	124.308674531575	218.169692307692	282.650692041522	441.08187250996	315.717347908745	802.980898203593	717.797478991597	157.955525040388	247.220347003155	48.8206436420722	183.588327370304	190.556066176471	120.337120359955	267.232829046899	124.395	92.283007518797	454.938045851528	180.625410544512	158.440940106141	194.714892665474
Tb927_09_v5.1	1619272	1619672	94.0947605829285	162.670384615385	210.19455017301	193.283067729084	214.025617870722	247.300239520958	254.36512605042	54.6614539579968	172.661829652997	54.6791208791209	77.8859570661896	100.613602941176	82.5568616422947	94.0960665658094	44.6546153846154	32.4237593984962	179.259170305677	65.5842264477096	63.1877558756634	94.5758050089445
Tb927_09_v5.1	1568826	1569226	75.1031575294934	183.721846153846	216.651038062284	210.628984063745	202.200998098859	518.436646706587	444.267857142857	55.4652988691438	225.63761829653	60.5375981161695	92.3504919499106	185.982720588235	132.930539932508	126.088729198185	85.0564102564103	49.2591729323308	296.04923580786	96.7636127917027	86.7652767247915	136.85675313059
Tb927_09_v5.1	3431925	3432325	76.8296668979875	34.4478461538462	123.390657439446	75.5786354581673	138.348051330798	125.139880239521	109.760294117647	32.9576413570275	119.686041009464	61.1885400313972	44.5062611806798	70.1246323529412	51.7729471316086	50.8118759455371	63.7923076923077	23.0707518796993	66.5431768558952	48.3818063958513	33.0085291887794	55.6328264758497
Tb927_09_v5.1	368525	368925	75.9664122137405	71.7663461538462	198.716349480969	117.704432270916	188.011454372624	190.689341317365	146.347058823529	40.5941680129241	100.065378548896	59.8866562009419	56.7454830053667	62.5023897058824	57.3700224971879	69.6310892586989	43.5914102564103	20.5766165413534	143.950545851528	50.5321089023336	35.8378316906748	80.1112701252236
Tb927_09_v5.1	101894	102294	309.908431644691	257.401961538462	375.91107266436	573.654233067729	396.124762357414	856.612275449102	642.881722689076	145.495928917609	623.937066246057	155.575117739403	270.37553667263	387.209926470588	265.861079865017	304.871255673222	335.972820512821	130.318571428571	499.752838427948	233.307821953328	211.254586808188	264.812254025045
Tb927_09_v5.1	1070664	1071064	116.539382373352	215.299038461538	263.281228373702	447.276842629482	302.710266159696	774.675449101796	574.93487394958	145.094006462036	292.347870662461	67.0470172684458	182.475670840787	161.591544117647	124.534926884139	246.531694402421	150.975128205128	81.6829323308271	487.530622270742	153.746629213483	160.327141774071	170.2364490161
Tb927_09_v5.1	945190	945590	134.66773074254	175.109884615385	278.346366782007	391.522111553785	263.689020912548	612.291556886228	405.938865546218	98.4710016155089	184.434227129338	53.3772370486656	142.420035778175	141.773713235294	121.73638920135	186.310211800303	109.510128205128	67.9651879699248	416.913373362445	142.995116681072	116.00140257771	121.279561717352
Tb927_09_v5.1	1512812	1513212	143.30027758501	194.247576923077	263.998615916955	516.660507968127	339.366587452471	735.941676646707	630.686134453782	147.103618739903	370.830520504732	56.6319466248038	174.687075134168	181.409375	132.930539932508	246.531694402421	139.279871794872	92.283007518797	532.345414847162	202.128435609335	205.595981804397	199.165518783542
Tb927_09_v5.1	843354	843754	106.180326162387	153.101538461538	232.433564013841	380.371165338645	258.959173003802	606.33251497006	425.103361344538	108.117140549273	258.992744479495	46.2168759811617	144.645348837209	192.080514705882	153.919572553431	173.136762481089	91.435641025641	49.2591729323308	471.234334061135	123.642394122731	139.578923426839	143.532692307692
Tb927_09_v5.1	2025899	2026299	120.855655794587	166.497923076923	243.911764705882	350.63530876494	231.762547528517	600.373473053892	376.321008403361	95.6575444264944	223.675552050473	52.726295133438	127.955500894454	176.836029411765	131.531271091114	193.837897125567	107.383717948718	74.2005263157895	359.876364628821	133.318755401901	118.830705079606	153.546601073345
Tb927_09_v5.1	258945	259345	136.394240111034	107.171076923077	157.825259515571	239.125846613546	164.362214828897	318.80874251497	245.653991596639	46.2210823909532	204.054889589905	79.4149136577708	92.3504919499106	134.151470588235	118.93785151856	129.852571860817	92.4988461538462	44.2709022556391	203.703602620087	93.5381590319793	86.7652767247915	89.0125223613596
Tb927_09_v5.1	1023769	1024169	107.043580846634	200.945769230769	203.020674740484	524.094472111554	289.703184410646	771.695928143713	618.490546218487	151.122843295638	302.158201892745	57.933830455259	193.602236135957	196.653860294118	137.128346456693	254.059379727685	175.428846153846	99.1418796992481	626.049072052402	176.324805531547	168.815049279757	171.349105545617
Tb927_09_v5.1	3358151	3358551	117.402637057599	58.3699615384615	159.260034602076	211.867978087649	130.070817490494	204.097185628743	162.027100840336	34.967253634895	168.737697160883	54.0281789638933	66.7593917710197	73.1735294117647	51.7729471316086	92.2141452344932	71.2347435897436	34.2943609022556	210.493722707424	61.283621434745	38.6671341925701	67.8720483005367
Tb927_09_v5.1	2985846	2986246	2.58976405274115	2.87065384615385	10.0434256055363	11.1509462151394	4.72984790874525	43.2030538922156	20.9067226890756	6.8326817447496	13.7344637223975	1.95282574568289	3.33796958855098	6.09779411764706	6.99634420697413	7.52768532526475	5.31602564102564	2.49413533834586	10.864192139738	3.22545375972342	5.65860500379075	3.33796958855098
Tb927_09_v5.1	3437450	3437850	74.2399028452464	118.653692307692	129.129757785467	247.798804780877	183.281606463878	339.665389221557	332.765336134454	58.2787560581583	253.106545741325	45.5659340659341	111.265652951699	158.542647058824	128.732733408324	129.852571860817	108.446923076923	60.4827819548872	230.864082969432	104.289671564391	111.285898407885	90.1251788908766
Tb927_09_v5.1	2940930	2941330	432.490596807772	557.863730769231	467.736678200692	2127.35273904382	598.325760456274	1513.59664670659	1353.71029411765	278.934184168013	1226.29140378549	326.77284144427	578.581395348837	618.926102941177	470.154330708661	775.351588502269	686.830512820513	291.19030075188	1754.56703056769	542.951382886776	458.347005307051	463.977772808587
Tb927_09_v5.1	1081284	1081684	81.1459403192228	103.343538461538	269.020328719723	127.616384462151	276.696102661597	216.015269461078	168.996008403361	57.0729886914378	121.648107255521	52.0753532182104	81.2239266547406	85.3691176470588	71.3627109111361	73.3949319213313	54.2234615384615	30.5531578947368	129.012281659389	48.3818063958513	55.6429492039424	101.251744186047
Tb927_09_v5.1	1388614	1389014	129.488202637058	240.178038461538	324.259169550173	418.779980079681	387.84752851711	908.753892215569	667.272899159664	149.113231017771	296.272003154574	73.5564364207221	154.659257602862	210.373897058824	146.923228346457	229.594402420575	137.153461538462	86.6712030075188	547.283679039301	221.481158167675	177.302956785444	211.404740608229
Tb927_09_v5.1	2407074	2407474	87.1887231089521	161.7135	260.411678200692	289.924601593625	276.696102661597	582.496347305389	378.063235294118	92.0402423263328	229.561750788644	45.5659340659341	105.702370304114	164.640441176471	102.146625421822	176.900605143722	90.3724358974359	62.9769172932331	380.24672489083	123.642394122731	118.830705079606	129.068157423971
Tb927_09_v5.1	95975	96375	149.34306037474	156.929076923077	147.781833910035	591.00014940239	141.895437262357	484.172155688623	378.063235294118	96.8633117932149	321.778864353312	93.084693877551	170.2364490161	199.702757352941	146.923228346457	259.705143721634	162.670384615385	89.1653383458647	450.863973799127	148.370872947277	134.863419257013	154.659257602862
Tb927_09_v5.1	593531	593931	122.582165163081	158.842846153846	228.846626297578	391.522111553785	241.222243346008	727.003113772455	623.717226890756	147.505541195477	282.537539432177	48.1697017268446	134.631440071556	189.031617647059	142.725421822272	191.955975794251	135.027051282051	67.3416541353383	517.407150655022	178.475108038029	164.099545109932	166.898479427549
Tb927_09_v5.1	2888897	2889297	70.7868841082582	87.0765	81.0647923875432	284.968625498008	68.5827946768061	250.279760479042	195.129411764706	45.0153150242326	176.58596214511	35.150863422292	81.2239266547406	118.906985294118	92.3517435320585	124.206807866868	63.7923076923077	49.8827067669173	232.2221069869	65.5842264477096	73.5618650492798	70.0973613595707
Tb927_09_v5.1	1000594	1000994	110.496599583622	136.8345	191.542474048443	381.61015936255	215.208079847909	458.84622754491	350.187605042017	97.6671567043619	213.865220820189	42.9621664050236	119.054248658318	144.822610294118	97.9488188976378	180.664447806354	120.142179487179	58.6121804511278	308.271451965066	106.439974070873	113.172100075815	130.180813953488
Tb927_09_v5.1	2898416	2898816	60.4278278972936	55.4993076923077	94.6951557093426	110.27046812749	112.3338878327	157.914610778443	114.986974789916	26.1249596122779	92.2171135646688	37.1036891679749	44.5062611806798	57.9290441176471	50.3736782902137	50.8118759455371	53.1602564102564	25.5648872180451	82.8394650655022	46.2315038893691	38.6671341925701	54.5201699463327
Tb927_09_v5.1	2674125	2674525	12.0855655794587	15.3101538461538	12.9129757785467	50.7987549800797	10.6421577946768	40.2235329341317	20.9067226890756	5.62691437802908	45.127523659306	6.5094191522763	16.6898479427549	21.3422794117647	13.9926884139483	13.1734493192133	11.6952564102564	11.8471428571429	46.1728165938865	18.2775713050994	5.65860500379075	12.2392218246869
Tb927_09_v5.1	2757647	2758047	49.2055170020819	39.2322692307692	47.3475778546713	76.8176294820717	63.8529467680608	50.6518562874251	34.8445378151261	14.4692084006462	70.6343848580442	37.1036891679749	20.0278175313059	32.0134191176471	16.7912260967379	26.3468986384266	20.2008974358974	10.6000751879699	76.0493449781659	32.2545375972342	15.089613343442	28.9290697674419
Tb927_09_v5.1	2594545	2594945	59.5645732130465	72.7232307692308	91.8256055363322	225.496912350598	91.049572243346	359.032275449102	296.178571428571	55.4652988691438	188.358359621451	42.3112244897959	96.8011180679785	57.9290441176471	62.9670978627672	92.2141452344932	68.0451282051282	49.2591729323308	211.851746724891	79.5611927398444	84.8790750568613	71.2100178890877
Tb927_09_v5.1	632494	632894	95.8212699514226	96.6453461538461	366.585034602076	113.987450199203	400.85461026616	488.641437125748	371.094327731092	89.6287075928918	170.69976340694	75.509262166405	75.6606440071556	144.822610294118	100.747356580427	116.679122541604	76.5507692307692	29.9296240601504	157.530786026201	84.9369490060501	69.7894617134193	114.60362254025
Tb927_09_v5.1	2190975	2191375	138.120749479528	225.824769230769	220.955363321799	552.591334661355	314.534885931559	765.736886227545	684.695168067227	140.672859450727	311.968533123028	54.0281789638933	202.503488372093	181.409375	176.307874015748	259.705143721634	139.279871794872	96.0242105263158	558.147871179039	211.804796888505	190.506368460955	176.912388193202
Tb927_09_v5.1	1843178	1843578	114.812873004858	143.532692307692	254.672577854671	374.176195219124	276.696102661597	569.088502994012	475.627941176471	107.313295638126	268.803075709779	58.5847723704867	113.490966010733	166.164889705882	127.333464566929	240.885930408472	129.711025641026	73.576992481203	407.407205240175	136.544209161625	149.00993176649	147.98331842576
Tb927_09_v5.1	2603189	2603589	3.4530187369882	4.78442307692308	0.717387543252595	11.1509462151394	0	0	3.48445378151261	0	11.7723974763407	4.55659340659341	5.56328264758497	7.62224264705882	11.1941507311586	7.52768532526475	6.37923076923077	1.8706015037594	10.864192139738	4.30060501296456	3.7724033358605	5.56328264758497
Tb927_09_v5.1	2527061	2527461	101.864052741152	181.808076923077	393.128373702422	294.880577689243	361.833365019011	734.451916167665	839.753361344538	108.117140549273	412.033911671924	76.8111459968603	131.293470483005	355.196507352941	216.886670416198	272.878593040847	182.871282051282	81.6829323308271	410.123253275109	165.573292999136	158.440940106141	145.758005366726
Tb927_10_v5.1	1077983	1078383	104.453816793893	166.497923076923	149.21660899654	356.830278884462	166.72713878327	508.008323353293	351.929831932773	90.4325525040388	213.865220820189	41.6602825745683	127.955500894454	117.382536764706	83.9561304836895	152.435627836611	101.004487179487	84.8006015037594	370.740556768559	144.070267934313	122.603108415466	141.307379248658
Tb927_10_v5.1	883309	883709	69.0603747397641	65.0681538461538	184.368598615917	102.836503984064	186.828992395437	168.342934131737	128.924789915966	32.555718901454	84.3688485804417	37.1036891679749	41.1682915921288	64.0268382352941	43.3773340832396	39.5203479576399	40.4017948717949	16.2118796992481	107.283897379913	32.2545375972342	30.179226686884	66.7593917710197
Tb927_10_v5.1	1060995	1061395	126.035183900069	202.859538461538	296.281055363322	421.25796812749	283.790874524715	738.92119760479	620.232773109244	129.820953150242	304.120268138801	63.1413657770801	175.799731663685	190.556066176471	149.721766029246	246.531694402421	155.227948717949	92.9065413533835	422.345469432314	156.972082973207	157.497839272176	215.855366726297
Tb927_10_v5.1	1439507	1439907	78.5561762664816	97.6022307692308	128.412370242215	180.89312749004	154.902519011407	333.706347305389	224.747268907563	59.8864458804523	170.69976340694	42.3112244897959	89.0125223613596	94.5158088235294	55.970753655793	105.387594553707	69.1083333333333	41.1532330827068	184.691266375546	79.5611927398444	66.9601592115239	66.7593917710197
Tb927_10_v5.1	362673	363073	112.223108952117	237.307384615385	215.933650519031	588.522161354582	310.9875	777.65497005988	653.335084033613	159.161292407108	315.892665615142	60.5375981161695	180.250357781753	184.458272058824	125.934195725534	301.10741301059	159.480769230769	102.25954887218	666.789792576419	221.481158167675	191.44946929492	174.687075134168
Tb927_10_v5.1	1955403	1955803	109.633344899375	202.859538461538	248.216089965398	489.402639442231	292.068108365019	858.102035928144	641.139495798319	155.94591276252	274.68927444795	50.1225274725275	179.137701252236	207.325	151.121034870641	272.878593040847	155.227948717949	119.094962406015	499.752838427948	210.729645635264	211.254586808188	190.264266547406
Tb927_10_v5.1	3377373	3377773	114.812873004858	229.652307692308	261.846453287197	681.44671314741	268.418868821293	813.409221556886	615.006092436975	126.605573505654	296.272003154574	75.509262166405	195.827549194991	184.458272058824	181.904949381327	284.170121028744	113.762948717949	82.3064661654135	621.975	199.978133102852	174.473654283548	175.799731663685
Tb927_10_v5.1	2886990	2887390	104.453816793893	155.015307692308	187.95553633218	289.924601593625	237.674857414449	454.376946107784	360.640966386555	102.490226171244	192.282492113565	51.4244113029827	136.85675313059	129.578125	92.3517435320585	163.727155824508	97.8148717948718	59.8592481203008	346.296124454149	98.913915298185	99.0255875663381	131.293470483005
Tb927_10_v5.1	1459055	1459455	115.676127689105	202.859538461538	232.433564013841	463.383764940239	297.980418250951	756.798323353293	618.490546218487	138.261324717286	313.930599369085	58.5847723704867	198.052862254025	198.178308823529	146.923228346457	210.775189107413	136.090256410256	81.0593984962406	541.851582969432	158.047234226448	157.497839272176	165.785822898032
Tb927_10_v5.1	2415040	2415440	119.99240111034	174.153	253.237802768166	339.484362549801	280.243488593156	592.924670658683	583.646008403361	108.519063004847	206.016955835962	52.726295133438	143.532692307692	175.311580882353	141.326152980877	207.011346444781	106.320512820513	73.576992481203	433.209661572052	165.573292999136	159.384040940106	200.278175313059
Tb927_10_v5.1	1900361	1900761	145.890041637752	278.453423076923	330.715657439446	717.377539840637	370.110598859316	1083.05586826347	1095.86071428571	180.865105008078	402.22358044164	69.6507849293564	206.954114490161	280.498529411765	198.696175478065	321.808547655068	246.66358974359	126.577368421053	814.814410480349	310.71871218669	312.166376042456	294.853980322004
Tb927_10_v5.1	1934114	1934514	136.394240111034	266.013923076923	405.323961937716	450.993824701195	490.721720532319	862.571317365269	841.495588235294	150.318998384491	331.589195583596	64.4432496075353	173.574418604651	272.876286764706	225.282283464567	257.823222390318	191.376923076923	113.483157894737	585.308351528384	231.157519446845	226.34420015163	331.571645796064
Tb927_10_v5.1	1359005	1359405	109.633344899375	196.161346153846	203.020674740484	391.522111553785	258.959173003802	576.537305389222	437.298949579832	111.332520193861	298.234069400631	49.4715855572998	134.631440071556	144.822610294118	121.73638920135	184.428290468986	111.636538461538	82.3064661654135	415.555349344978	124.717545375972	139.578923426839	146.870661896243
Tb927_10_v5.1	285097	285497	107.906835530881	122.481230769231	289.107179930796	249.037798804781	302.710266159696	432.030538922156	425.103361344538	85.2075605815832	215.827287066246	55.3300627943485	74.5479874776386	137.200367647059	102.146625421822	171.254841149773	94.6252564102564	54.2474436090226	248.518395196507	110.740579083838	82.992873388931	134.631440071556
Tb927_10_v5.1	2608881	2609281	120.855655794587	210.514615384615	269.020328719723	537.723406374502	357.103517110266	735.941676646707	794.455462184874	176.443957996769	257.030678233438	44.9149921507064	189.151610017889	190.556066176471	127.333464566929	284.170121028744	156.291153846154	107.247819548872	581.234279475983	221.481158167675	223.514897649735	211.404740608229
Tb927_10_v5.1	2219190	2219590	61.2910825815406	110.998615384615	103.303806228374	234.169870517928	127.705893536122	300.931616766467	151.573739495798	54.2595315024233	103.989511041009	37.7546310832025	68.9847048300537	73.1735294117647	48.9744094488189	101.623751891074	62.7291025641026	34.2943609022556	232.2221069869	64.5090751944685	52.813646702047	61.1961091234347
Tb927_10_v5.1	1418107	1418507	151.069569743234	186.5925	287.672404844291	369.220219123506	313.352423954373	600.373473053892	522.668067226891	116.95943457189	296.272003154574	74.2073783359498	149.095974955277	227.142830882353	173.509336332958	207.011346444781	145.659102564103	64.8475187969925	423.703493449782	146.220570440795	150.89613343442	174.687075134168
Tb927_10_v5.1	2090283	2090683	110.496599583622	241.134923076923	326.411332179931	448.515836653386	381.935218631179	846.183952095808	844.980042016807	148.309386106624	227.599684542587	59.2357142857143	182.475670840787	207.325	179.106411698538	250.295537065053	156.291153846154	99.1418796992481	536.419486899563	209.654494382022	229.173502653525	248.12240608229
Tb927_10_v5.1	3666573	3666973	118.265891741846	189.463153846154	196.564186851211	498.075597609562	248.317015209125	831.286347305389	618.490546218487	142.280549273021	262.916876971609	50.7734693877551	174.687075134168	181.409375	134.329808773903	216.420953101362	142.469487179487	81.6829323308271	570.370087336245	197.82783059637	164.099545109932	166.898479427549
Tb927_10_v5.1	523374	523774	260.702914642609	394.236461538462	459.128027681661	1046.9499501992	573.494058935361	1485.29119760479	1414.68823529412	314.303360258481	608.240536277603	123.67896389325	392.767754919499	347.574264705882	289.648650168729	491.181467473525	335.972820512821	202.024962406015	1114.93771834061	365.551426101988	396.102350265353	330.458989266547
Tb927_10_v5.1	2686963	2687363	117.402637057599	192.333807692308	266.868166089965	423.735956175299	281.425950570342	724.023592814371	541.83256302521	143.486316639742	247.220347003155	39.7074568288854	136.85675313059	146.347058823529	139.926884139483	235.240166414523	141.406282051282	76.0711278195489	429.135589519651	179.550259291271	173.530553449583	195.827549194991
Tb927_10_v5.1	500926	501326	92.3682512144344	180.851192307692	267.585553633218	473.295717131474	275.513640684411	861.081556886228	716.05525210084	135.447867528271	276.651340694006	51.4244113029827	150.208631484794	185.982720588235	139.926884139483	239.004009077156	170.112820512821	82.3064661654135	556.789847161572	153.746629213483	195.221872630781	172.461762075134
Tb927_10_v5.1	3074675	3075075	140.710513532269	214.342153846154	195.129411764706	496.836603585657	221.12038973384	791.062814371257	675.984033613445	147.103618739903	366.906388012618	55.3300627943485	181.36301431127	195.129411764706	132.930539932508	291.697806354009	167.98641025641	107.247819548872	574.444159388646	196.752679343129	165.985746777862	195.827549194991
Tb927_10_v5.1	2333177	2333577	53.5217904233171	65.0681538461538	99.7168685121107	90.4465637450199	118.246197718631	95.3446706586826	88.8535714285714	25.3211147011309	39.2413249211357	27.9905023547881	43.3936046511628	45.7334558823529	50.3736782902137	56.4576399394856	32.959358974359	11.2236090225564	118.148089519651	34.4048401037165	21.6913191811979	51.1822003577818
Tb927_10_v5.1	1681944	1682344	90.6417418459403	157.885961538462	200.868512110727	221.779930278884	251.864401140684	481.192634730539	254.36512605042	92.0402423263328	178.548028391167	36.4527472527473	86.7872093023256	91.4669117647059	93.7510123734533	124.206807866868	62.7291025641026	44.8944360902256	258.024563318777	81.7114952463267	101.854890068234	126.842844364937
Tb927_10_v5.1	1984603	1985003	97.5477793199167	180.851192307692	208.759775086505	395.239093625498	227.032699619772	572.068023952096	385.032142857143	101.686381260097	198.168690851735	41.0093406593407	136.85675313059	144.822610294118	116.139313835771	233.358245083207	118.015769230769	67.9651879699248	435.925709606987	164.498141745895	129.204814253222	160.222540250447
Tb927_10_v5.1	3767814	3768214	69.0603747397641	144.489576923077	121.238494809689	499.314591633466	152.537595057034	509.498083832335	486.081302521008	110.126752827141	233.485883280757	48.1697017268446	154.659257602862	131.102573529412	109.142969628796	173.136762481089	115.889358974359	73.576992481203	585.308351528384	162.347839239412	141.465125094769	102.364400715564
Tb927_10_v5.1	3920489	3920889	90.6417418459403	133.006961538462	220.955363321799	294.880577689243	210.478231939164	533.334251497006	336.249789915966	77.9729563812601	192.282492113565	42.9621664050236	104.589713774597	131.102573529412	67.1649043869516	144.907942511346	80.8035897435898	52.3768421052632	347.654148471616	87.0872515125324	85.8221758908264	109.040339892665
Tb927_10_v5.1	192173	192573	126.898438584316	208.600846153846	204.45544982699	537.723406374502	300.345342205323	741.900718562874	601.068277310924	140.270936995153	315.892665615142	48.8206436420722	175.799731663685	196.653860294118	132.930539932508	257.823222390318	148.848717948718	87.9182706766917	620.616975982533	198.902981849611	220.685595147839	175.799731663685
Tb927_10_v5.1	101051	101451	133.804476058293	167.454807692308	246.781314878893	322.138446215139	289.703184410646	578.027065868263	486.081302521008	104.901760904685	219.75141955836	53.3772370486656	131.293470483005	173.787132352941	139.926884139483	197.6017397882	103.130897435897	72.3299248120301	316.419596069869	130.093301642178	141.465125094769	157.997227191413
Tb927_10_v5.1	3107360	3107760	49.2055170020819	41.1460384615385	127.694982698962	91.6855577689243	107.604039923954	113.221796407186	80.1424369747899	24.5172697899838	92.2171135646688	35.150863422292	42.2809481216458	67.0757352941176	51.7729471316086	69.6310892586989	43.5914102564103	22.4472180451128	97.7777292576419	51.6072601555748	26.4068233510235	74.5479874776386
Tb927_10_v5.1	1814916	1815316	109.633344899375	158.842846153846	222.390138408304	338.245368525896	292.068108365019	603.352994011976	461.69012605042	106.509450726979	258.992744479495	72.2545525902669	130.180813953488	178.360477941176	145.523959505062	173.136762481089	123.331794871795	77.3181954887218	366.666484716157	150.52117545376	142.408225928734	205.841457960644
Tb927_11_v5.1	1553579	1553979	138.120749479528	165.541038461538	187.95553633218	509.226543824701	240.039781368821	722.533832335329	398.969957983193	113.342132471729	274.68927444795	55.9810047095761	145.758005366726	190.556066176471	141.326152980877	229.594402420575	119.078974358974	66.7181203007519	555.431823144105	145.145419187554	153.725435936315	140.194722719141
Tb927_11_v5.1	3467622	3468022	131.214712005552	223.911	275.476816608997	493.119621513944	316.899809885932	719.554311377246	681.210714285714	167.199741518578	221.713485804416	52.0753532182104	200.278175313059	184.458272058824	132.930539932508	267.232829046899	118.015769230769	97.8948120300752	468.518286026201	190.301771823682	161.270242608036	171.349105545617
Tb927_11_v5.1	53483	53883	61.2910825815406	92.8178076923077	121.238494809689	205.673007968128	150.172671102662	329.237065868263	280.498529411765	74.7575767366721	147.154968454259	27.3395604395604	85.6745527728086	102.138051470588	57.3700224971879	111.033358547655	70.1715384615385	47.3885714285714	226.790010917031	84.9369490060501	81.1066717210008	90.1251788908766
Tb927_11_v5.1	4942524	4942924	9.49580152671756	14.3532692307692	8.60865051903114	68.144671314741	5.91230988593156	32.7747305389222	13.9378151260504	4.82306946688207	27.468927444795	2.60376766091052	25.5911001788909	12.1955882352941	9.79488188976378	18.8192133131619	10.6320512820513	9.35300751879699	33.9506004366812	18.2775713050994	14.1465125094769	11.1265652951699
Tb927_11_v5.1	2218515	2218915	124.308674531575	219.126576923077	342.193858131488	454.710806772908	337.001663498099	1030.91425149701	702.11743697479	164.386284329564	349.247791798107	61.8394819466248	153.546601073345	208.849448529412	176.307874015748	267.232829046899	171.176025641026	104.753684210526	585.308351528384	226.856914433881	185.79086429113	234.770527728086
Tb927_11_v5.1	2103158	2103558	100.137543372658	204.773307692308	253.237802768166	504.270567729084	266.05394486692	808.93994011976	675.984033613445	155.142067851373	286.46167192429	51.4244113029827	183.588327370304	205.800551470588	162.3151856018	229.594402420575	166.923205128205	92.283007518797	575.802183406114	193.527225583405	148.066830932525	171.349105545617
Tb927_11_v5.1	4693047	4693447	29.3506592643997	40.1891538461538	39.4563148788927	66.9056772908366	50.8458650190114	221.974311377245	134.151470588235	26.1249596122779	74.5585173501577	11.0660125588697	41.1682915921288	25.915625	30.7839145106862	41.4022692889561	34.0225641025641	19.9530827067669	59.753056768559	29.0290838375108	19.8051175132676	17.8025044722719
Tb927_11_v5.1	5057884	5058284	100.137543372658	141.618923076923	134.151470588235	152.396264940239	193.923764258555	384.358203592814	303.147478991597	73.9537318255251	198.168690851735	56.6319466248038	85.6745527728086	146.347058823529	110.542238470191	139.262178517398	94.6252564102564	50.5062406015038	175.185098253275	104.289671564391	105.627293404094	110.152996422182
Tb927_11_v5.1	2615991	2616391	129.488202637058	240.178038461538	228.129238754325	633.125946215139	249.499477186312	813.409221556886	742.188655462185	147.103618739903	300.196135646688	55.3300627943485	192.48957960644	173.787132352941	134.329808773903	255.941301059002	122.26858974359	103.506616541353	616.542903930131	177.399956784788	203.709780136467	186.926296958855
Tb927_11_v5.1	332619	333019	112.223108952117	194.247576923077	172.890397923875	506.748555776892	280.243488593156	810.429700598802	615.006092436975	151.122843295638	298.234069400631	59.8866562009419	181.36301431127	246.960661764706	156.71811023622	246.531694402421	148.848717948718	96.0242105263158	628.765120087336	196.752679343129	158.440940106141	171.349105545617
Tb927_11_v5.1	1983478	1983878	56.9748091603053	79.4214230769231	185.08598615917	113.987450199203	190.376378326996	262.197844311377	256.107352941176	71.1402746365105	102.027444794953	29.943328100471	55.6328264758497	76.2224264705882	65.7656355455568	95.9779878971256	49.970641025641	37.412030075188	149.382641921397	84.9369490060501	67.903260045489	102.364400715564
Tb927_11_v5.1	2600831	2601231	106.180326162387	201.902653846154	235.303114186851	484.446663346614	243.58716730038	911.733413173653	653.335084033613	141.074781906301	272.727208201893	43.6131083202512	145.758005366726	169.213786764706	130.132002249719	225.830559757943	124.395	86.6712030075188	570.370087336245	179.550259291271	191.44946929492	195.827549194991
Tb927_11_v5.1	1191920	1192320	122.582165163081	206.687076923077	230.998788927336	484.446663346614	249.499477186312	735.941676646707	564.481512605042	127.007495961228	260.954810725552	67.0470172684458	129.068157423971	195.129411764706	174.908605174353	242.767851739788	166.923205128205	87.2947368421053	605.678711790393	180.625410544512	191.44946929492	208.066771019678
Tb927_11_v5.1	412377	412777	128.624947952811	155.015307692308	238.172664359862	375.415189243028	256.59424904943	694.228383233533	601.068277310924	134.644022617124	274.68927444795	55.9810047095761	183.588327370304	217.996139705882	132.930539932508	208.893267776097	159.480769230769	93.5300751879699	429.135589519651	175.249654278306	143.351326762699	192.48957960644
Tb927_11_v5.1	229231	229631	137.257494795281	221.040346153846	271.889878892734	494.358615537849	302.710266159696	913.223173652695	642.881722689076	130.624798061389	300.196135646688	65.094191522763	180.250357781753	205.800551470588	158.117379077615	239.004009077156	132.900641025641	94.7771428571429	588.024399563319	203.203586862576	185.79086429113	182.475670840787
Tb927_11_v5.1	2133954	2134354	86.3254684247051	122.481230769231	159.977422145329	172.220169322709	182.099144486692	272.626167664671	252.622899159664	59.4845234248788	102.027444794953	37.7546310832025	81.2239266547406	99.0891544117647	65.7656355455568	139.262178517398	65.918717948718	33.0472932330827	211.851746724891	75.2605877268799	61.3015542077331	94.5758050089445
Tb927_11_v5.1	1920371	1920771	91.5049965301874	148.317115384615	209.477162629758	195.761055776892	232.945009505703	372.440119760479	270.045168067227	56.6710662358643	137.344637223975	40.358398744113	85.6745527728086	129.578125	93.7510123734533	111.033358547655	71.2347435897436	29.3060902255639	218.641866812227	70.9599827139153	77.3342683851402	91.2378354203936
Tb927_11_v5.1	3126969	3127369	129.488202637058	202.859538461538	202.303287197232	506.748555776892	221.12038973384	630.168682634731	608.03718487395	137.859402261712	272.727208201893	41.0093406593407	181.36301431127	143.298161764706	114.740044994376	254.059379727685	128.647820512821	91.0359398496241	566.296015283843	172.024200518583	155.611637604246	162.447853309481
Tb927_11_v5.1	2707765	2708165	106.180326162387	183.721846153846	182.933823529412	400.195069721116	223.485313688213	665.922934131736	517.441386554622	116.557512116317	266.841009463722	59.2357142857143	162.447853309481	160.067095588235	103.545894263217	193.837897125567	127.584615384615	68.5887218045113	433.209661572052	166.648444252377	171.644351781653	166.898479427549
Tb927_11_v5.1	479450	479850	30.2139139486468	23.9221153846154	92.5429930795848	17.3459163346614	107.604039923954	210.05622754491	162.027100840336	37.7807108239095	70.6343848580442	13.0188383045526	28.9290697674419	25.915625	33.5824521934758	43.2841906202723	21.2641025641026	11.8471428571429	39.3826965065502	23.6533275713051	17.9189158453374	47.8442307692308
Tb927_11_v5.1	1089235	1089635	96.6845246356697	124.395	213.781487889273	211.867978087649	243.58716730038	385.847964071856	299.663025210084	72.346042003231	190.320425867508	44.9149921507064	103.477057245081	111.284742647059	82.5568616422947	127.970650529501	85.0564102564103	42.4003007518797	245.802347161572	99.9890665514261	96.1962850644428	131.293470483005
Tb927_11_v5.1	1242398	1242798	128.624947952811	170.325461538462	247.498702422145	377.893177290837	290.885646387833	652.515089820359	526.152521008403	106.911373182553	255.068611987382	59.8866562009419	184.700983899821	164.640441176471	139.926884139483	229.594402420575	129.711025641026	97.2712781954887	483.456550218341	186.001166810717	153.725435936315	162.447853309481
Tb927_11_v5.1	4698105	4698505	220.993199167245	137.791384615385	368.019809688581	204.434013944223	387.84752851711	372.440119760479	308.374159663866	86.0114054927302	260.954810725552	134.094034536892	137.969409660107	234.765073529412	142.725421822272	173.136762481089	128.647820512821	50.5062406015038	148.02461790393	79.5611927398444	103.741091736164	165.785822898032
Tb927_11_v5.1	1138706	1139106	119.129146426093	198.075115384615	223.107525951557	418.779980079681	287.338260456274	741.900718562874	594.099369747899	120.978659127625	304.120268138801	53.3772370486656	176.912388193202	178.360477941176	141.326152980877	252.177458396369	157.354358974359	80.4358646616541	491.604694323144	186.001166810717	149.953032600455	174.687075134168
Tb927_11_v5.1	135418	135818	156.249097848716	252.617538461538	310.628806228374	529.050448207171	451.700475285171	1106.89203592814	862.40231092437	168.003586429725	535.644085173502	91.1318681318681	254.798345259392	320.134191176471	250.469122609674	325.5723903177	184.997692307692	142.789248120301	605.678711790393	293.516292134831	264.068233510235	281.5021019678
Tb927_11_v5.1	954209	954609	69.9236294240111	183.721846153846	239.607439446367	273.817679282869	305.075190114068	481.192634730539	432.072268907563	75.1594991922456	223.675552050473	41.6602825745683	113.490966010733	141.773713235294	96.549550056243	169.372919818457	89.3092307692308	45.517969924812	300.123307860262	138.694511668107	99.0255875663381	144.645348837209
Tb927_11_v5.1	4180943	4181343	84.598959056211	98.5591153846154	127.694982698962	147.440288844622	178.551758555133	187.709820359281	151.573739495798	47.4268497576737	109.87570977918	29.943328100471	72.3226744186046	54.8801470588235	60.1685601799775	77.1587745839637	41.465	32.4237593984962	160.246834061135	64.5090751944685	40.5533358605004	71.2100178890877
Tb927_11_v5.1	1597539	1597939	124.308674531575	167.454807692308	215.933650519031	405.151045816733	229.397623574145	651.025329341317	541.83256302521	127.007495961228	253.106545741325	56.6319466248038	176.912388193202	182.933823529412	142.725421822272	229.594402420575	126.52141025641	82.3064661654135	448.147925764192	165.573292999136	143.351326762699	139.082066189624
Tb927_11_v5.1	2318255	2318655	93.2315058986815	176.066769230769	184.368598615917	391.522111553785	195.106226235741	539.293293413174	430.330042016807	105.705605815832	257.030678233438	39.7074568288854	137.969409660107	115.858088235294	110.542238470191	186.310211800303	121.205384615385	77.9417293233083	404.69115720524	154.821780466724	123.546209249431	151.321288014311
Tb927_11_v5.1	3104134	3104534	136.394240111034	246.876230769231	217.368425605536	494.358615537849	290.885646387833	934.079820359281	778.775420168067	161.974749596123	300.196135646688	67.0470172684458	213.630053667263	208.849448529412	160.915916760405	340.62776096823	143.532692307692	110.365488721805	558.147871179039	221.481158167675	196.164973464746	192.48957960644
