Tb927_01_v5.1	303534	303934	73.0325200173392	131.969525660349	224.135082309243	337.822370462039	227.826380557502	744.981638338618	598.062260542815	203.694639004107	172.422646682101	92.8694532938402	182.262967127556	158.985255836668	175.168190199872	235.882871778465	789.732437041295	174.178582609674	524.592039255378	168.134050232655	198.985761187534	150.589753731695
Tb927_01_v5.1	316506	316906	70.2765758657415	151.478064236227	226.445753260884	356.92542117269	186.023374950621	805.108109149412	531.91090441054	218.244256075829	189.422062552167	73.0776025918743	159.336807740442	161.450143524058	159.243809272611	204.155935808262	161.966083644697	176.426048191734	480.242470719295	200.826782222338	217.990019278478	160.573604807829
Tb927_01_v5.1	723271	723671	50.9849668045575	78.6079348498601	205.649714696109	182.987117333605	227.826380557502	434.083789268171	284.855839671634	118.821872752396	126.281375034778	76.122502699869	113.484488966214	191.028795772741	163.224904504426	142.081495866561	148.961507585633	93.2698216555028	221.747842680413	148.284891524633	128.558216497564	127.294101220714
Tb927_01_v5.1	981442	981842	96.9173693311859	201.39697176862	246.317523445003	575.102368762757	265.449085603695	1181.99842618293	739.815166540548	270.986617960821	291.418557772564	111.900078968807	261.3582170131	223.072335708813	217.633206005902	241.400599773283	267.18492630439	226.994023788091	691.85326916289	270.882636485944	254.880637925606	194.685095984622
Tb927_01_v5.1	793751	794151	53.281586930889	36.721954966358	194.558494128229	249.345082960077	248.727883360942	73.3249644034073	592.66214983814	199.451000691521	144.495034895563	56.3306519979031	325.551463297019	679.076557876001	743.137776605518	422.106191603569	296.740780984079	226.994023788091	131.781575078646	254.536270491103	214.636326674194	136.445964707171
Tb927_01_v5.1	474634	475034	67.97995573941	121.067695279712	155.739222140649	420.267115634323	174.179190028671	853.502585655661	585.912011457296	208.544511361348	201.564502459357	83.7347529698559	176.531427280778	199.655902678606	176.49522194381	234.50343977976	200.979811821886	170.807384236584	542.331866669811	200.826782222338	229.168994626093	140.60590265556
Tb927_01_v5.1	1046012	1046412	67.5206317141438	109.592084352725	91.0404354946821	417.250844469483	120.53199949984	749.381136202823	492.760101801643	198.238532602211	259.84821401387	92.1082282668415	209.774358392093	157.752811992973	116.778793466581	184.843887826399	216.348856255325	196.653238430277	395.344725235937	151.787684237813	190.042580909443	94.0145976335996
Tb927_01_v5.1	683792	684192	66.1426596383449	151.478064236227	198.717701841184	473.554572879823	225.039513517043	1006.01851161475	841.067242253215	319.485341533227	229.492114245894	68.5102524298821	241.870981534053	187.331464241655	188.438507639256	222.08855179142	185.610767388448	216.88042866882	704.524574458913	311.748551473048	325.308182615576	177.213356601387
Tb927_01_v5.1	701584	701984	76.7071122194694	150.330503143528	160.822698234261	546.950504557587	190.900392271424	925.361050771	677.71389343678	269.774149871511	219.778162320142	63.94290226789	241.870981534053	179.936801179485	132.703174393842	234.50343977976	189.157469950011	238.231351698393	689.319008103685	249.865880206862	268.295408342743	173.885406242675
Tb927_01_v5.1	248324	248724	72.5731959920729	165.248797348611	196.407030889543	510.755250579512	208.318311274291	981.08802371759	643.963201532557	211.575681584623	257.419726032432	106.571503779817	206.335434484026	202.120790365997	156.589745784734	231.744575782351	178.517362265323	174.178582609674	660.175005922831	199.659184651278	201.221556257057	147.261803372983
Tb927_01_v5.1	488567	488967	69.3579278152089	127.953061835904	238.92337639975	281.518642051699	271.719536444727	743.51513905055	477.909797363785	218.244256075829	146.923522877001	79.1674028078638	150.166343985597	179.936801179485	165.878967992303	201.397071810853	111.130013595631	138.219133296709	429.557249535201	163.463659948415	172.15622035326	156.41366685944
Tb927_01_v5.1	855221	855621	98.7546654322511	177.298188821947	287.909600574553	249.345082960077	277.293270525644	576.334220210781	310.506365518843	185.507617664455	139.638058932687	132.453154697772	146.72742007753	154.055480461888	130.049110905966	140.702063867856	147.779273398446	112.373279103015	350.995156699854	172.804440516895	157.623552401361	130.622051579426
Tb927_01_v5.1	216643	217043	82.2190005226648	142.871356040987	261.567951725838	305.648811370416	321.883143172984	1026.5495016477	854.567519014903	274.624022228751	234.34909020877	79.1674028078638	181.116659158201	207.050565740777	181.803348919564	241.400599773283	192.704172511573	180.920979355855	491.646645485716	208.999965219759	248.173252717037	148.093790962661
Tb927_01_v5.1	12190	12590	546.136266041612	575.501887988392	1151.63840229821	1390.50100699107	1107.77964858235	2001.77152821302	1628.13337745967	601.990406342495	1459.52127684426	851.049580184536	788.659882916722	1045.11237945345	862.570633559976	800.070559248594	848.844146400673	546.134136440655	1099.86929969485	679.54178635698	659.559545509243	621.494729489371
Tb927_01_v5.1	703184	703584	92.3241290785231	171.560383358454	217.203069454318	545.945080835974	280.776854326218	1228.92640340111	873.467906481268	397.689533293733	241.634554153085	66.2265773488861	294.601148124415	215.677672646643	220.287269493778	295.198447722757	184.42853320126	279.809464966509	722.264401873346	332.76530775213	316.365002337484	217.148760905925
Tb927_02_v5.1	452490	452890	74.8698161184043	125.084159104157	180.694468418379	303.63796392719	196.474126352341	715.651652577255	438.758994754887	171.564234637388	188.207818561448	102.765378644823	142.142188200107	149.125705087107	140.665364857473	180.705591830286	132.410228965008	134.847934923619	331.988198755819	178.642428372196	221.343711882763	160.573604807829
Tb927_02_v5.1	481660	482060	74.410492093138	149.756722597179	178.383797466738	531.869148733389	173.482473268556	989.887019445999	645.313229208726	262.49934133565	199.136014477919	77.6449527538664	215.505898238872	167.612362742534	135.357237881719	253.815487761623	193.886406698761	220.25162704191	608.222654209134	283.726209767605	233.640584765138	171.389443473642
Tb927_02_v5.1	1134061	1134461	12.4017486821897	10.9018303806375	25.4173804680585	16.0867795458114	27.1719536444727	65.9924679630666	43.2008856374043	24.8555958308583	18.2136598607853	12.9408254589777	19.4872354790469	19.7191014991216	9.28922220756897	19.3120479818626	18.9157469950011	17.9797246564825	32.9453937696614	11.675975710601	20.1221556257057	17.4717393832353
Tb927_02_v5.1	1104537	1104937	80.3817044215997	115.329889816218	188.550749653961	396.136946315606	187.41680847085	737.649141898277	531.91090441054	217.031787986519	205.207234431514	76.8837277268677	206.335434484026	162.682587367753	141.992396601411	188.982183822513	153.690444334384	168.559918654523	529.660561373787	204.329574935518	225.815302021808	162.237579987185
Tb927_02_v5.1	658118	658518	68.8986037899426	107.296962167327	167.292576898858	386.082709099473	190.203675511309	786.043618404526	495.46015715398	224.912830567035	191.850550533605	73.0776025918743	233.846825748563	155.287924305583	195.073666358948	211.053095801784	143.050336649696	185.415910519976	516.989256077764	247.530685064742	232.522687230377	155.581679269762
Tb927_02_v5.1	456876	457276	47.7696986276935	56.8042740885851	122.003426246681	92.4989823884155	159.548138066263	241.972382531244	164.703376492604	83.054064117746	71.6403954524221	57.8531020519005	51.5838586210065	72.714186778011	61.0434602211675	52.4184159507699	46.1071333003151	34.8357165219348	134.31583613785	64.2178664083057	65.9559545509243	74.0468954813307
Tb927_02_v5.1	634599	634999	50.066318754025	73.443909932716	108.139400536831	197.06304943619	120.53199949984	382.756314185786	217.35445586319	94.5725109661925	103.210739211117	63.1816772408913	92.8509455178118	114.617277463644	82.2759681241823	102.077967904131	98.1254375365681	80.9087609541711	209.07653738439	101.580988682229	96.1391879894828	102.334473530378
Tb927_02_v5.1	732663	733063	56.4968551077529	78.0341543035108	128.473304911277	393.120675150766	152.580970465116	640.86018888578	337.506919042221	190.357490021695	160.28020677491	68.5102524298821	147.873728046885	134.336378962766	130.049110905966	161.393543848423	156.054912708759	142.71406446083	476.441079130488	165.798855090535	193.396273513727	108.158386658123
Tb927_02_v5.1	699147	699547	59.2527992593506	92.3786679622444	98.4345825399355	349.887455121398	120.53199949984	469.279772181807	303.756227137999	132.765255779463	117.781667099745	61.6592271868939	135.264340383973	126.941715900595	91.5651903317513	144.84035986397	120.587887093132	116.868210267136	394.077594706335	144.782098811453	160.977245005646	106.494411478768
Tb927_02_v5.1	469531	469931	50.066318754025	90.6573263231963	146.496538334082	373.012200718502	161.638288346607	665.790676782938	507.6104062395	198.238532602211	144.495034895563	43.3898265389253	183.409275096912	123.24438436951	100.85441253932	160.014111849719	130.045760590632	146.08526283392	448.564207479236	187.983208940677	185.570990770397	119.806212913614
Tb927_02_v5.1	966790	967190	49.1476707034924	123.936598011458	120.617023675696	350.892878843011	167.212022427524	623.262197428962	371.257610946443	133.977723868773	126.281375034778	59.3755521058978	137.556956322684	144.195929712327	131.376142649904	118.631151888585	111.130013595631	121.363141431257	446.029946420031	159.960867235234	154.269859797077	117.31025014458
Tb927_02_v5.1	395847	396247	66.1426596383449	125.084159104157	192.247823176588	337.822370462039	181.146357629818	642.326688173848	448.209188488069	186.11385170911	230.706358236613	87.5408781048494	166.214655556577	221.839891865118	135.357237881719	177.946727832877	191.521938324386	151.703926789071	366.200723055083	228.84912392778	213.518429139433	158.077642038796
Tb927_02_v5.1	398892	399292	66.1426596383449	122.21525637241	183.005139370021	400.158641202058	190.203675511309	580.733718074986	567.011623990931	229.762702924275	154.208986821315	90.5857782128441	157.044191801731	155.287924305583	135.357237881719	143.460927865265	150.143741772821	133.724202132588	440.961424301622	171.636842945835	210.164736535148	143.933853014272
Tb927_02_v5.1	1024056	1024456	129.529375125092	303.529909018803	280.5154535293	1886.17490174639	346.964946537113	1297.85186994031	1107.02269445848	411.026682276144	1196.03033085823	396.598239066318	708.418325061823	1380.33710493851	1510.16212460193	709.028047334099	1694.14159023978	773.128160228746	3024.64057416084	830.161873023734	782.528274333	448.441310836373
Tb927_02_v5.1	798585	798985	63.3867154867472	107.296962167327	162.209100805246	354.914573729464	209.015028034405	755.247133355095	514.360544620345	241.887383817377	182.136598607853	67.7490274028834	187.994506974335	135.568822806461	152.608650552919	216.570823796602	132.410228965008	185.415910519976	462.502643304862	206.664770077638	213.518429139433	132.286026758782
Tb927_02_v5.1	941983	942383	62.0087434109483	93.5262290549431	226.445753260884	195.052201992963	199.2609933928	595.398710955667	314.55644854735	148.527340940495	140.852302923406	89.8245531858455	98.5824853645903	139.266154337546	119.432856954458	115.872287891176	120.587887093132	92.1460888644727	250.891844861268	155.290476950994	128.558216497564	118.142237734258
Tb927_02_v5.1	837807	838207	65.6833356130786	100.411595611135	135.867451956531	257.388472732982	164.425155387066	508.875252959647	324.006642280532	130.340319600842	108.067715173993	79.9286278348625	122.65495272106	103.525282870388	94.2192538196281	103.457399902835	108.765545221256	98.8884856106536	340.858112463035	127.268135245551	114.025548545666	97.3425479923111
Tb927_02_v5.1	1071018	1071418	35.3679499455039	51.0664686250916	99.8209851109205	89.4827112235759	105.900947537432	173.046915992041	118.802435502862	61.2296385101631	67.997663480265	39.5837014039319	64.1932462839193	52.9950852788893	33.1757935984606	74.4893279300415	48.4716016746902	47.1967772232665	143.185749845067	46.7039028424042	53.6590816685486	58.2391312774511
Tb927_03_v5.1	521929	522329	53.281586930889	83.7719597670042	5977.70575189702	287.551184381379	7254.2149063141	1023.61650307157	437.408967078718	256.437000889099	133.566838979092	54.8082019439057	147.873728046885	123.24438436951	110.143634746889	157.25524785231	127.681292216257	124.734339804347	337.056720874228	152.955281808874	154.269859797077	115.646274965224
Tb927_03_v5.1	667889	668289	59.2527992593506	137.133550577493	162.209100805246	373.012200718502	167.212022427524	879.899572840888	496.810184830149	265.530511558925	168.779914709943	61.6592271868939	197.164970729181	158.985255836668	164.551936248365	187.602751823808	180.881830639698	153.951392371131	576.544390969075	204.329574935518	204.575248861341	143.933853014272
Tb927_03_v5.1	741548	741948	74.410492093138	117.625012001616	203.339043744468	321.735590916228	204.138010713603	838.837592774979	545.411181172229	267.955447737545	177.279622644977	76.122502699869	202.896510575959	152.823036618193	145.973491833227	186.223319825104	147.779273398446	188.787108893066	424.488727416791	237.022306925201	205.693146396103	171.389443473642
Tb927_03_v5.1	390757	391157	11.9424246569234	15.4920747514323	16.1746966614917	35.1898302564624	7.66388436126153	105.587948740907	55.3511347229242	22.430659652238	35.2130757308515	11.4183754049804	22.926159387114	34.5084276234628	21.2325079030148	34.4857999676118	26.0091521181265	17.9797246564825	59.555134891311	18.6815611369617	29.0653359037971	14.1437890245238
Tb927_03_v5.1	109430	109830	18.3729610106514	13.1969525660349	18.0232334228051	60.3254232967927	11.8441849219496	63.0594693869303	25.6505258472088	18.7932553843075	38.8558077030086	22.8367508099607	24.0724673564697	28.3462084049873	21.2325079030148	22.0709119792716	29.5558546796892	30.3407853578142	69.6921791281299	26.8547441343824	26.8295408342743	10.8158386658123
Tb927_03_v5.1	491710	492110	43.1764583750307	71.1487877473187	109.063668917487	246.328811795237	105.900947537432	384.222813473854	199.804096072995	126.702915332912	98.3537632482405	53.2857518899083	116.923412874282	91.2008444334375	70.3326824287365	121.390015885994	86.3030956646924	96.6410200285933	350.995156699854	93.4078056848083	80.4886225028228	74.0468954813307
Tb927_03_v5.1	1538875	1539275	57.4155031582855	88.362204137799	162.671234995574	334.8060992972	181.843074389933	721.517649729528	414.458496583847	184.295149575144	227.063626264456	80.6898528618612	177.677735250134	150.358148930802	167.205999736241	165.531839844537	138.321399900945	139.342866087739	497.982298133728	213.670355503999	197.867863652773	154.749691680084
Tb927_03_v5.1	157140	157540	99.6733134827836	145.740258772733	293.455210858493	418.256268191096	275.2031202453	959.090534396567	650.713339913402	228.550234834965	270.776409930341	98.198028482831	201.750202606603	250.186100270106	216.306174261963	200.017639812149	243.540242560639	211.261764713669	537.263344551401	242.860294780502	248.173252717037	207.16490982979
Tb927_03_v5.1	467437	467837	70.7358998910077	122.21525637241	157.587758901962	412.223725861417	166.51530566741	812.440605589753	531.91090441054	234.612575281516	193.064794524324	71.5551525378769	193.726046821113	171.309694273619	151.28161880898	202.776503809557	177.335128078135	207.890566340579	487.845253896909	224.17873364354	209.046839000387	134.781989527815
Tb927_03_v5.1	1523165	1523565	63.3867154867472	94.1000096012924	165.906174327872	282.524065773313	151.187536944887	640.86018888578	394.208081441314	204.300873048762	171.208402691382	59.3755521058978	150.166343985597	118.31460899473	108.816603002951	183.464455827695	143.050336649696	142.71406446083	333.255329285421	156.458074522054	157.623552401361	118.974225323936
Tb927_03_v5.1	1481564	1481964	56.4968551077529	89.5097652304977	161.284832424589	217.171523868454	148.400669904428	481.011766486352	271.355562909946	123.671745109636	144.495034895563	62.4204522138926	103.167717242013	101.060395182998	92.8922220756897	126.907743880811	98.1254375365681	84.2799593272616	307.912718693374	117.92735467707	106.200265802336	84.862734147143
Tb927_03_v5.1	1450544	1450944	75.3291401436706	153.773186421624	155.277087950321	449.424403561106	163.728438626951	815.373604165889	542.711125819891	232.793873147551	189.422062552167	65.4653523218874	191.433430882402	163.915031211448	164.551936248365	217.950255795307	169.059488767822	192.158307266156	563.873085673051	223.01113607248	229.168994626093	131.454039169104
Tb927_03_v5.1	238708	239108	70.2765758657415	131.395745114	193.634225747573	373.012200718502	193.687259311882	753.780634067027	580.51190075262	209.150745406003	193.064794524324	103.526603671822	178.824043219489	191.028795772741	151.28161880898	204.155935808262	179.69959645251	195.529505639247	506.852211840945	206.664770077638	200.103658722296	143.933853014272
Tb927_04_v5.1	1169927	1170327	19.2916090611839	13.1969525660349	39.7435403682369	30.1627116483964	49.4668899681426	153.982425247155	113.402324798186	46.0737873937861	30.3560997679754	10.6571503779817	27.5113912645368	28.3462084049873	22.5595396469532	22.0709119792716	21.2802153693762	30.3407853578142	63.3565264801181	35.0279271318031	34.6548235776043	28.2875780490477
Tb927_04_v5.1	880904	881304	77.625760270002	128.526842382253	201.028372792826	375.023048161728	220.16249619624	781.644120540322	549.461264200736	218.244256075829	177.279622644977	64.7041272948887	186.848199004979	136.801266650156	118.10582521052	206.914799805671	172.606191329385	143.83779725186	475.173948600886	218.340745788239	252.644842856083	175.549381422031
Tb927_04_v5.1	273737	274137	45.4730785013621	46.4762242542969	150.193611856709	85.461016337123	154.67112074546	202.376901753404	152.553127407084	64.8670427780936	59.4979555452319	50.2408517819136	72.2174020694092	66.5519675595355	57.0623649893522	73.109895931337	61.4761777337535	49.4442428053268	91.2333981313701	75.8938421189067	64.8380570161628	61.5670816361626
Tb927_04_v5.1	176666	177066	49.6069947287587	130.82196456765	150.655746047037	431.326776572068	179.752924109589	860.835082096002	527.860821382033	229.762702924275	178.493866635696	50.2408517819136	210.920666361449	154.055480461888	151.28161880898	227.606279786238	148.961507585633	161.817521908342	572.742999380268	211.335160361879	223.579506952286	132.286026758782
Tb927_04_v5.1	1448101	1448501	55.5782070572204	72.2963488400173	189.475018034618	171.927456395859	195.777409592226	395.954807778399	295.656061080986	130.946553645497	93.4967872853644	52.5245268629096	112.338180996859	131.871491275376	107.489571259012	95.1808079106086	106.401076846881	82.0324937452013	231.884886917232	136.608915814032	124.086626358519	84.0307465574651
Tb927_04_v5.1	137293	137693	66.1426596383449	133.690867299397	137.715988717844	393.120675150766	197.170843112456	564.602225906236	359.107361860923	172.776702726698	172.422646682101	85.2572030238533	153.605267893664	115.84972130734	92.8922220756897	140.702063867856	159.601615270322	134.847934923619	491.646645485716	154.122879379934	156.5056548666	103.166461120056
Tb927_04_v5.1	1581139	1581539	67.0613076888775	100.411595611135	103.518058633547	364.968810945596	101.720646976744	357.825826288628	194.403985368319	107.909659948604	176.065378654258	85.2572030238533	143.288496169463	139.266154337546	108.816603002951	136.563767871743	176.152893890947	104.507149565804	321.851154519	121.430147390251	131.911909101849	101.5024859407
Tb927_04_v5.1	1491238	1491638	16.0763408843199	27.5414662247685	23.1067095164168	75.4067791209909	29.9588206849314	105.587948740907	63.4513007799375	38.7989788579251	48.5697596287607	21.3143007559633	37.8281629887381	35.7408714671579	31.8487618545222	31.7269359702029	36.6492598028146	34.8357165219348	78.5620928353464	31.5251344186228	35.7727211123657	21.6316773316247
Tb927_04_v5.1	1308968	1309368	55.5782070572204	107.870742713677	144.185867382441	417.250844469483	151.884253705001	705.386157560778	475.209742011447	209.150745406003	206.421478422233	63.94290226789	186.848199004979	131.871491275376	155.262714040796	162.772975847128	146.597039211258	169.683651445553	549.934649847425	205.497172506578	197.867863652773	123.134163272325
Tb927_04_v5.1	1578487	1578887	184.18893413178	245.578073837519	298.076552761776	582.14033481405	309.34224149092	865.234579960206	557.561430257749	255.830766844444	455.341496519632	290.7879603135	299.186380001838	306.87851708008	257.444158324054	277.265831739599	357.034724530645	237.107618907363	497.982298133728	284.893807338665	277.238588620834	240.444413416905
Tb927_04_v5.1	1029369	1029769	60.1714473098832	90.083545776847	117.382084343397	150.813558241982	149.794103424657	363.6918234409	257.855286148257	120.640574886361	86.2113233410503	68.5102524298821	87.1194056710333	85.038625214962	67.6786189408596	81.3864879235639	79.209690541567	79.785028163141	216.679320562004	89.905012971628	102.846573198051	115.646274965224
Tb927_04_v5.1	378767	379167	49.6069947287587	117.051231455266	125.238365578979	389.098980264313	163.728438626951	744.981638338618	486.009963420798	185.507617664455	152.994742830596	58.6143270788992	169.653579464644	135.568822806461	107.489571259012	168.290703841946	109.947779408444	122.486874222287	457.434121186453	180.977623514316	185.570990770397	122.302175682647
Tb927_04_v5.1	1514019	1514419	92.3241290785231	92.3786679622444	184.391541941006	215.160676425227	165.818588907295	429.684291403967	210.604317482346	102.453553546709	200.350258468638	109.616403887811	128.386492567839	146.660817399717	131.376142649904	129.66660787822	148.961507585633	103.383416774774	231.884886917232	113.25696439283	124.086626358519	112.318324606513
Tb927_04_v5.1	612128	612528	57.4155031582855	108.444523260026	142.799464811456	321.735590916228	162.335005106721	700.986659696574	417.158551936185	209.756979450658	180.922354617134	61.6592271868939	179.970351188845	117.082165151035	124.740983930212	160.014111849719	113.494481970006	169.683651445553	420.687335827984	164.631257519475	185.570990770397	118.142237734258
Tb927_04_v5.1	567369	567769	67.97995573941	127.379281289554	178.383797466738	358.936268615917	197.86755987257	705.386157560778	522.460710677358	209.150745406003	157.851718793472	71.5551525378769	171.946195403355	133.103935119071	139.338333113535	188.982183822513	148.961507585633	160.693789117312	473.906818071283	177.474830801136	165.448835144691	135.613977117493
Tb927_04_v5.1	1205024	1205424	52.8222629056227	125.084159104157	133.094646814561	482.603386374342	151.187536944887	733.249644034073	476.559769687616	237.037511460136	146.923522877001	64.7041272948887	173.092503372711	133.103935119071	118.10582521052	212.432527800489	139.503634088133	174.178582609674	624.695351093965	193.821196795977	191.160478444204	116.478262554902
Tb927_05_v5.1	1594686	1595086	53.7409109561552	34.4268327809606	77.6385439751604	135.732202417784	82.2125776935328	189.178408160791	125.552573883706	56.3797661529224	106.853471183274	70.0327024838795	65.339554253275	70.2492990906208	75.6408094044902	66.2127359378147	74.4807537928167	52.8154411784173	111.507486605008	64.2178664083057	63.7201594814014	52.415218149706
Tb927_05_v5.1	1732310	1732710	39.0425421476341	72.8701293863667	97.9724483496072	256.383049011369	80.8191441733034	329.962339815333	195.754013044488	93.3600428768823	131.138350997654	71.5551525378769	105.460333180725	82.5737375275718	82.2759681241823	92.4219439131997	121.770121280319	73.04263141696	186.268187851547	96.9105983979886	106.200265802336	69.8869575329413
Tb927_05_v5.1	502197	502597	45.4730785013621	90.083545776847	146.958672524411	188.014235941671	172.785756508442	475.145769334079	248.405092415075	105.484723769984	143.280790904844	82.2123029158586	120.362336782349	177.471913492095	191.092571127133	143.460927865265	148.961507585633	71.9188986259299	283.837238630929	128.435732816611	107.318163337097	92.3506224542438
Tb927_05_v5.1	1463817	1464217	50.5256427792912	50.4926880787423	99.3588509205922	120.650846593585	93.3600458553677	227.307389650563	137.702822969226	63.0483406441283	61.9264435266699	60.8980021598952	74.5100180081206	38.2057591545481	58.3893967332907	62.0744399417013	75.6629879800043	39.3306476860554	108.973225545803	72.3910494057264	73.7812372942543	54.9111809187396
Tb927_05_v5.1	1548224	1548624	186.944878283378	399.925040805493	280.053319338971	1676.04134392922	296.801339808856	2400.65933456756	1591.68263020311	502.568023019061	772.259178097295	248.920583828572	592.641220156897	464.631329073053	461.807046890572	566.946551467538	546.192194480656	514.669618291811	1804.39387415376	586.133980672172	570.127742728328	326.139135153726
Tb927_05_v5.1	190946	191346	75.3291401436706	127.953061835904	209.808922409064	312.686777421709	226.432947037272	945.892040803954	556.21140258158	161.864489922906	201.564502459357	91.3470032398428	127.240184598483	263.742982550752	164.551936248365	164.152407845832	189.157469950011	134.847934923619	437.160032712815	178.642428372196	192.278375978966	144.76584060395
Tb927_05_v5.1	636044	636444	57.8748271835518	124.510378557808	158.512027282619	440.375590066587	187.41680847085	803.641609861344	598.062260542815	240.068681683412	155.423230812034	51.0020768089122	197.164970729181	128.174159744291	147.300523577165	227.606279786238	163.148317831884	193.282040057187	639.900917449193	238.189904496261	248.173252717037	162.237579987185
Tb927_05_v5.1	834091	834491	121.720866695565	224.348193622593	300.849357903747	726.921350726352	330.24374429436	1448.90129661133	908.568626061659	405.570575874249	394.629296983681	143.110305075754	328.990387205086	299.48385401791	265.406348787685	320.028223699438	271.91386305314	292.17052566784	940.210852964953	322.256929612589	368.906186471271	270.395966645309
Tb927_05_v5.1	1713507	1713907	40.420514223433	41.8859798835021	101.669521872234	93.5044061100287	103.810797257088	184.778910296586	132.302712264551	62.4421065994732	53.4267355916368	47.1959516739188	55.0227825290737	57.9248606536698	67.6786189408596	64.8333039391102	57.9294751721908	43.825578850176	70.9593096577323	58.3798785530052	48.0695939947414	38.2714291251821
Tb927_05_v5.1	418999	419399	78.5444083205346	142.297575494637	198.255567650856	284.534913216539	209.71174479452	881.366072128956	513.010516944176	225.51906461169	176.065378654258	89.0633281588468	176.531427280778	184.866576554265	153.935682296857	206.914799805671	166.695020393447	184.292177728945	520.790647666571	211.335160361879	216.872121743717	184.701244908488
Tb927_05_v5.1	944012	944412	58.7934752340844	125.657939650506	150.193611856709	454.451522169172	155.367837505575	922.428052194864	594.012177514309	252.799596621168	220.992406310861	76.8837277268677	184.555583066268	166.379918898839	144.646460089288	235.882871778465	170.24172295501	202.271902385428	620.893959505157	247.530685064742	217.990019278478	147.261803372983
Tb927_05_v5.1	1574934	1575334	112.53438619024	122.78903691876	179.308065847394	356.92542117269	183.236507910162	482.47826577442	265.95545220527	145.496170717219	258.633970023151	147.677655237746	173.092503372711	154.055480461888	153.935682296857	157.25524785231	174.97065970376	137.095400505679	310.446979752579	144.782098811453	158.741449936123	113.982299785869
Tb927_05_v5.1	510422	510822	35.8272739707702	67.7061044692226	139.564525479157	97.5261009964816	142.82693582351	271.302368292607	160.653293464097	82.4478300730909	69.211907470984	52.5245268629096	65.339554253275	108.455058245169	91.5651903317513	78.6276239261549	91.0320324134427	53.9391739694474	182.46679626274	61.8826712661855	89.4318027809143	71.550932712297
Tb927_05_v5.1	354281	354681	34.4493018949713	47.0500048006462	140.488793859814	139.753897304236	133.769617942019	459.01427716533	286.205867347803	123.671745109636	60.7121995359509	17.5081756209699	72.2174020694092	93.6657321208277	79.6219046363054	120.010583887289	73.2985196056292	83.1562265362314	174.864013085126	116.75975710601	81.6065200375843	80.7027961987536
Tb927_05_v5.1	455952	456352	74.410492093138	135.985989484795	181.618736799036	316.708472308162	203.441293953488	882.832571417024	591.312122161971	250.374660442548	190.636306542886	79.9286278348625	189.140814943691	182.401688866875	159.243809272611	219.329687794011	159.601615270322	152.827659580101	490.379514956114	254.536270491103	243.701662577991	136.445964707171
Tb927_05_v5.1	900353	900753	22.9662012633142	38.443296605406	53.1454318877586	38.2061014213021	72.4585430519272	73.3249644034073	67.5013838084442	33.9491065006845	53.4267355916368	39.5837014039319	35.5355470500267	36.973315310853	35.8298570863375	28.9680719727939	26.0091521181265	23.5983886116332	38.0139158880709	28.0223417054425	27.9474383690357	27.4555904593698
Tb927_05_v5.1	1134791	1135191	60.6307713351495	127.953061835904	183.467273560349	367.985082110436	186.720091710735	787.510117692594	557.561430257749	186.11385170911	206.421478422233	66.2265773488861	153.605267893664	156.520368149278	177.822253687749	175.187863835468	212.802153693762	170.807384236584	438.427163242417	200.826782222338	236.994277369423	153.917704090406
Tb927_05_v5.1	1189854	1190254	53.7409109561552	86.0670819524016	140.488793859814	172.932880117472	146.310519624084	310.897849070447	206.554234453839	90.3288726536069	106.853471183274	54.046976916907	80.2415578548991	62.8546360284502	102.181444283259	96.5602399093131	76.8452221671919	55.0629067604776	230.61775638763	98.0781959690487	90.5497003156757	92.3506224542438
Tb927_05_v5.1	1680660	1681060	32.6120057939062	29.2628078638165	66.085189216952	58.3145758535663	56.4340575692895	111.453945893179	56.7011623990931	31.5241703220642	59.4979555452319	40.3449264309306	24.0724673564697	40.6706468419383	33.1757935984606	30.3475039714984	34.2847914284394	19.1034574475126	43.0824380064803	33.860329560743	32.4190285080814	39.10341671486
Tb927_05_v5.1	1059922	1060322	54.2002349814215	91.804887415895	119.692755295039	302.632540205577	135.859768222363	601.26470810794	383.407860031963	172.170468682043	182.136598607853	60.1367771328965	160.483115709798	124.476828213205	98.2003490514434	142.081495866561	108.765545221256	110.125813520955	434.62577165361	180.977623514316	148.68037212327	113.150312196191
Tb927_05_v5.1	1684804	1685204	11.9424246569234	13.7707331123843	22.1824411357601	30.1627116483964	22.2949363236699	74.7914636914754	28.3505811995466	19.3994894289626	21.8563918329423	16.7469505939712	9.17046375484561	16.0217699680363	25.2136031348301	17.9326159831581	23.6446837437513	10.1135951192714	35.4796548288661	7.00558542636062	14.5326679518986	11.6478262554902
Tb927_05_v5.1	1023933	1024333	35.8272739707702	90.083545776847	109.063668917487	197.06304943619	119.835282739726	337.294836255674	168.75345952111	98.8161492787781	98.3537632482405	77.6449527538664	81.3878658242548	126.941715900595	107.489571259012	99.319103906722	117.041184531569	71.9188986259299	291.440021808543	98.0781959690487	98.3749830590057	79.0388210193979
Tb927_05_v5.1	1051738	1052138	50.066318754025	97.5426928793885	166.368308518201	271.464404835567	172.785756508442	545.53773516135	333.456836013714	165.501894190837	151.780498839877	71.5551525378769	136.410648353328	151.590592774497	132.703174393842	171.049567839355	113.494481970006	128.105538177438	370.00211464389	156.458074522054	167.684630214214	112.318324606513
Tb927_05_v5.1	1328743	1329143	76.2477881942032	146.887819865432	176.073126515096	562.031860381786	186.023374950621	1176.13242903065	583.211956104958	264.318043469615	297.489777726159	104.287828698821	259.065601074388	218.142560334033	208.343983798333	274.50696774219	238.811305811889	289.92306008578	810.963538945512	325.759722325769	318.600797407007	154.749691680084
Tb927_05_v5.1	870661	871061	55.5782070572204	110.739645445423	138.178122908172	521.814911517257	146.310519624084	816.840103453957	467.109575954434	220.669192254449	200.350258468638	70.0327024838795	201.750202606603	177.471913492095	141.992396601411	193.120479818626	178.517362265323	188.787108893066	665.24352804124	230.01672149884	236.994277369423	122.302175682647
Tb927_05_v5.1	1254695	1255095	53.281586930889	96.9689123330391	122.465560437009	346.871183956558	149.794103424657	654.058682478393	399.60819214599	172.776702726698	174.851134663539	51.0020768089122	152.458959924308	133.103935119071	139.338333113535	131.046039876925	150.143741772821	123.610607013317	402.947508413551	154.122879379934	165.448835144691	123.966150862003
Tb927_05_v5.1	11252	11652	45.4730785013621	26.9676856784192	75.3278730235187	84.4555926155098	59.9176413698629	142.25043094261	71.5514668369508	38.19274481327	57.0694675637938	40.3449264309306	51.5838586210065	40.6706468419383	39.8109523181527	49.659551953361	47.2893674875027	37.0831821039951	73.493570716937	44.3687077002839	40.2443112514114	36.6074539458264
Tb927_05_v5.1	543046	543446	92.7834531037894	192.21648302703	280.977587719628	528.85287756855	303.071790649888	1127.7379525244	866.717768100423	320.091575577882	258.633970023151	92.8694532938402	240.724673564697	232.931886458374	195.073666358948	285.542423731826	789.732437041295	246.097481235604	817.299191593523	321.089332041529	290.653359037971	228.796587161415
Tb927_06_v5.1	256694	257094	58.7934752340844	118.198792547965	164.981905947216	404.180336088511	207.621594514176	948.82503938009	688.514114846131	289.779873345128	174.851134663539	66.2265773488861	218.944822146939	150.358148930802	115.451761722643	245.538895769396	183.246299014073	211.261764713669	538.530475081004	255.703868062163	269.413305877504	169.725468294286
Tb927_06_v5.1	1017629	1018029	78.5444083205346	85.4933014060523	166.830442708529	285.540336938152	173.482473268556	623.262197428962	410.408413555341	217.638022031174	205.207234431514	95.1531283748363	170.799887433999	156.520368149278	138.011301369596	186.223319825104	135.95693152657	150.580193998041	387.741942058323	157.625672093114	181.099400631351	125.630126041359
Tb927_06_v5.1	347324	347724	42.2578103244981	51.0664686250916	129.397573291934	52.282033523887	156.064554265689	105.587948740907	86.4017712748086	29.0992341434438	71.6403954524221	70.7939275108782	33.2429311113153	85.038625214962	47.7731427817833	48.2801199546565	70.934051231254	26.9695869847237	65.8907875393228	42.0335125581637	44.7159013904571	57.4071436877732
Tb927_06_v5.1	119333	119733	56.4968551077529	109.592084352725	269.886367151748	140.75932102585	291.227605727938	884.299070705092	731.715000483535	237.643745504791	154.208986821315	64.7041272948887	111.191873027503	229.234554927289	187.111475895318	148.978655860083	204.526514383449	105.630882356835	305.378457634169	161.128464806294	159.859347470884	121.470188092969
Tb927_06_v5.1	1224782	1225182	50.5256427792912	105.575620528279	122.003426246681	249.345082960077	142.130219063396	513.274750823851	301.056171785661	141.252532404634	125.067131044059	54.8082019439057	120.362336782349	103.525282870388	79.6219046363054	114.492855892471	92.2142666006302	94.393554446533	329.453937696614	124.932940103431	121.850831288996	94.8465852232775
Tb927_06_v5.1	1370683	1371083	74.8698161184043	119.920134187013	136.329586146859	245.323388073624	149.097386664542	523.540245840328	322.656614604363	155.195915431701	160.28020677491	70.0327024838795	132.971724445261	107.222614401474	100.85441253932	162.772975847128	106.401076846881	121.363141431257	297.775674456555	141.279306098273	112.907651010904	103.166461120056
Tb927_06_v5.1	1461354	1461754	58.7934752340844	57.3780546349344	115.995681772412	144.781015912303	98.2370631761705	268.369369716471	174.153570225786	78.2041917605053	112.924691136869	75.3612776728703	82.5341737936105	102.292839026693	67.6786189408596	71.7304639326326	98.1254375365681	55.0629067604776	141.918619315465	74.7262445478466	72.6633397594928	79.0388210193979
Tb927_06_v5.1	394753	395153	70.2765758657415	120.493914733362	155.739222140649	400.158641202058	148.400669904428	863.768080672138	565.661596314762	244.312319995997	182.136598607853	57.8531020519005	214.359590269516	179.936801179485	153.935682296857	193.120479818626	180.881830639698	197.776971221307	605.688393149929	218.340745788239	219.10791681324	177.213356601387
Tb927_06_v5.1	876499	876899	65.2240115878123	99.2640345184365	118.306352724054	332.795251853973	138.646635262822	574.867720922713	383.407860031963	195.207362378936	210.06421039439	73.0776025918743	162.77573164851	160.217699680363	124.740983930212	177.946727832877	140.68586827532	159.570056326282	400.413247354346	172.804440516895	173.274117888021	115.646274965224
Tb927_06_v5.1	818500	818900	59.2527992593506	109.018303806375	134.943183575874	398.147793758832	152.580970465116	671.656673935211	387.45794306047	169.745532503422	173.63689067282	66.9878023758847	165.068347587221	160.217699680363	148.627555321104	182.08502382899	144.232570836883	148.33272841598	561.338824613846	189.150806511737	197.867863652773	133.11801434846
Tb927_06_v5.1	1441795	1442195	54.2002349814215	44.7548826152488	203.339043744468	135.732202417784	151.884253705001	275.701866156811	206.554234453839	81.8415960284358	104.424983201836	64.7041272948887	72.2174020694092	93.6657321208277	75.6408094044902	73.109895931337	83.9386272903173	67.4239674618093	125.445922430634	74.7262445478466	79.3707249680614	78.20683342972
Tb927_06_v5.1	637858	638258	62.0087434109483	91.2311068695457	173.762455563454	224.209489919746	163.031721866836	514.741250111919	318.606531575857	130.340319600842	132.352594988373	54.046976916907	118.069720843637	120.77949668212	87.584095099936	110.354559896358	91.0320324134427	87.6511577003521	307.912718693374	145.949696382513	118.497138684711	86.5267093264987
Tb927_06_v5.1	402736	403136	77.625760270002	129.674403474952	192.247823176588	353.909150007851	197.170843112456	786.043618404526	544.06115349606	224.912830567035	143.280790904844	73.0776025918743	186.848199004979	177.471913492095	184.457412407441	224.847415788829	148.961507585633	180.920979355855	516.989256077764	196.156391938097	202.339453791818	153.917704090406
Tb927_06_v5.1	906127	906527	71.195223916274	85.4933014060523	140.026659669486	290.567455546218	161.638288346607	486.877763638624	315.906476223519	137.615128136703	159.065962784191	72.3163775648756	136.410648353328	115.84972130734	106.162539515074	144.84035986397	128.863526403445	116.868210267136	406.748900002358	168.134050232655	144.208781984224	92.3506224542438
Tb927_06_v5.1	922762	923162	50.5256427792912	47.6237853469955	120.617023675696	98.5315247180948	137.253201742593	189.178408160791	135.002767616888	75.1730215372299	70.426151461703	35.7775762689384	66.4858622226307	62.8546360284502	47.7731427817833	88.2836479170862	59.1117093593784	52.8154411784173	120.377400312224	63.0502688372456	65.9559545509243	60.7350940464847
Tb927_06_v5.1	1009712	1010112	70.2765758657415	77.4603737571614	111.836474059457	325.757285802681	134.466334702134	495.676759367033	267.305479881439	129.734085556187	134.781082969811	72.3163775648756	106.60664115008	138.033710493851	98.2003490514434	120.010583887289	145.414805024071	100.012218401684	416.885944239177	102.748586253289	117.37924114995	89.0226720955324
Tb927_06_v5.1	117883	118283	5.05256427792912	7.45914710254147	22.6445753260884	15.0813558241982	38.3194218063077	121.719440909656	90.4518543033152	25.4618298755134	13.3566838979092	7.6122502699869	12.6093876629127	16.0217699680363	19.9054761590764	15.1737519857492	10.6401076846881	5.61866395515077	32.9453937696614	18.6815611369617	22.3579506952286	12.4798138451681
Tb927_06_v5.1	65688	66088	2.29662012633142	4.59024437079475	9.70481799689505	1.00542372161321	12.5409016820643	60.126470810794	44.5509133135732	9.69974471448128	19.4279038515043	5.32857518899083	8.02415578548991	8.62710690586571	17.2514126711995	15.1737519857492	17.7335128078135	13.4847934923619	10.1370442368189	7.00558542636062	24.5937457647514	9.1518634864566
Tb927_06_v5.1	392634	393034	66.6019836636112	111.313425991773	152.966416998679	436.353895180134	153.277687225231	824.172599894298	550.811291876905	241.281149772722	151.780498839877	73.0776025918743	190.287122913046	126.941715900595	138.011301369596	191.741047819922	164.330552019072	177.549780982764	594.284218383508	198.491587080218	238.112174904184	145.597828193628
Tb927_06_v5.1	1080822	1081222	65.6833356130786	102.706717796533	138.640257098501	263.421015062662	142.82693582351	552.870231601691	315.906476223519	164.895660146182	186.993574570729	80.6898528618612	119.216028812993	102.292839026693	138.011301369596	160.014111849719	126.49905802907	139.342866087739	344.659504051842	166.966452661595	146.444577053747	105.66242388909
Tb927_06_v5.1	1454554	1454954	54.6595590066878	72.2963488400173	126.162633959636	229.236608527812	145.613802863969	390.088810626127	249.755120091243	105.484723769984	149.352010858439	82.2123029158586	100.875101303302	125.7092720569	107.489571259012	115.872287891176	111.130013595631	97.7647528196235	221.747842680413	93.4078056848083	103.964470732813	64.0630444051962
Tb927_06_v5.1	1485144	1485544	5.97121232846169	15.4920747514323	1.84853676131334	69.3742367913116	2.78686704045874	32.2629843374992	13.5002767616888	4.24363831258556	30.3560997679754	10.6571503779817	19.4872354790469	17.2542138117314	11.9432856954458	15.1737519857492	20.0979811821886	22.4746558206031	60.8222654209134	22.184353850142	16.7684630214214	9.98385107613447
Tb927_06_v5.1	1203812	1204212	54.6595590066878	123.362817465109	141.413062240471	529.858301290163	139.343352022937	849.103087791457	487.359991096967	235.218809326171	227.063626264456	69.2714774568808	205.189126514671	161.450143524058	159.243809272611	219.329687794011	186.793001575636	179.797246564825	618.359698445953	237.022306925201	228.051097091331	158.909629628474
Tb927_06_v5.1	1549746	1550146	159.385436767401	270.82441787689	265.727159438793	1395.52812559914	307.948807970691	1818.4591172045	1212.32485319966	455.281767535965	485.697596287607	200.963407127654	403.500405213207	356.176270827884	298.582142386145	388.999823634661	481.16931418534	397.801408024675	1440.72741215789	396.983174160435	392.382034701261	258.748140389818
Tb927_06_v5.1	1411121	1411521	75.3291401436706	111.887206538122	135.867451956531	383.066437934634	171.392322988212	777.244622676117	564.311568638593	249.162192353238	206.421478422233	70.7939275108782	196.018662759825	170.077250429924	134.030206137781	195.879343816035	165.512786206259	180.920979355855	452.365599068043	231.184319069901	205.693146396103	135.613977117493
Tb927_06_v5.1	1166762	1167162	62.9273914614809	102.706717796533	109.063668917487	254.372201568143	151.187536944887	511.808251535783	257.855286148257	129.734085556187	176.065378654258	83.7347529698559	113.484488966214	120.77949668212	114.124729978704	125.528311882107	105.218842659693	111.249546311985	297.775674456555	124.932940103431	143.090884449463	103.998448709734
Tb927_06_v5.1	839971	840371	69.8172518404752	101.559156703834	127.086902340292	320.730167194615	135.859768222363	539.671738009078	402.308247498327	165.501894190837	191.850550533605	79.9286278348625	144.434804138818	160.217699680363	119.432856954458	144.84035986397	122.952355467507	156.198857953191	397.878986295142	142.446903669333	136.383499240894	104.830436299412
Tb927_06_v5.1	1211431	1211831	62.0087434109483	154.920747514323	183.005139370021	361.952539780756	181.146357629818	794.842614132935	390.157998412807	194.601128334281	213.706942366547	89.0633281588468	169.653579464644	160.217699680363	157.916777528672	162.772975847128	150.143741772821	158.446323535252	476.441079130488	185.648013798556	188.924683374681	136.445964707171
Tb927_06_v5.1	54594	54994	106.103849836512	352.301255458497	289.758137335866	956.157959254165	326.760160493787	2138.15596200336	1490.43055449045	391.020958802527	557.337991740029	184.977681560682	431.011796477744	390.684698451347	368.914824814882	433.141647593204	354.67025615627	403.420071979826	1357.09679720413	437.849089147539	450.512706508856	286.203730849188
Tb927_06_v5.1	608194	608594	65.2240115878123	124.510378557808	181.618736799036	431.326776572068	209.71174479452	825.639099182366	533.260932086709	257.043234933754	189.422062552167	77.6449527538664	184.555583066268	138.033710493851	135.357237881719	183.464455827695	145.414805024071	169.683651445553	552.46891090663	234.687111783081	213.518429139433	153.917704090406
Tb927_06_v5.1	444379	444779	72.1138719668066	134.838428392096	172.376052992469	431.326776572068	238.973848719337	967.889530124976	629.1128970947	249.768426397893	172.422646682101	79.9286278348625	199.457586667892	147.893261243412	173.841158455934	209.67366380308	176.152893890947	193.282040057187	627.229612153169	254.536270491103	217.990019278478	170.557455883964
Tb927_06_v5.1	815324	815724	47.7696986276935	82.6243986743055	176.535260705424	158.856948014888	148.400669904428	360.758824864764	272.705590586115	133.977723868773	125.067131044059	72.3163775648756	110.045565058147	122.011940525815	96.873317307505	102.077967904131	80.3919247287546	92.1460888644727	242.021931154051	117.92735467707	109.55395840662	81.5347837884315
Tb927_06_v5.1	154005	154405	28.9374135917759	43.6073215225501	76.7142755945037	114.618304263906	101.023930216629	485.411264350556	349.657168127741	104.878489725329	223.420894292299	49.4796267549149	112.338180996859	215.677672646643	195.073666358948	153.116951856196	348.759085220332	143.83779725186	245.823322742858	154.122879379934	173.274117888021	94.8465852232775
Tb927_06_v5.1	1491504	1491904	31.6933577433736	27.5414662247685	39.7435403682369	52.282033523887	33.4424044855049	83.5904594198843	58.051190075262	23.6431277415481	58.2837115545129	37.3000263229358	35.5355470500267	27.1137645612922	30.5217301105838	44.1418239585431	36.6492598028146	21.3509230295729	49.4180906544921	40.8659149871036	26.8295408342743	36.6074539458264
Tb927_06_v5.1	1596890	1597290	9.18648050532568	17.7871969368297	7.85628123558171	80.433897729057	16.0244854826377	71.8584651153392	41.8508579612354	15.155851116377	38.8558077030086	20.5530757289646	28.6576992338925	22.1839891865118	22.5595396469532	31.7269359702029	30.7380888668767	26.9695869847237	73.493570716937	22.184353850142	25.7116432995128	13.311801434846
Tb927_06_v5.1	1587096	1587496	31.2340337181073	30.9841495028646	40.2056745585652	87.4718637803495	57.1307743294041	48.3944765062488	40.5008302850665	20.6119575182727	57.0694675637938	34.2551262149411	38.9744709580938	38.2057591545481	25.2136031348301	35.8652319663163	41.3781965515648	30.3407853578142	65.8907875393228	26.8547441343824	30.1832334385586	32.447515997437
Tb927_07_v5.1	460149	460549	78.0850842952683	98.6902539720872	161.284832424589	310.675929978483	182.539791150047	554.336730889759	375.30769397495	176.414106994628	194.279038515043	81.4510778888599	158.190499771087	135.568822806461	147.300523577165	166.911271843241	139.503634088133	132.600469341558	428.290119005598	138.944110956152	157.623552401361	115.646274965224
Tb927_07_v5.1	1134314	1134714	61.0900953604158	83.1981792206549	150.655746047037	276.491523443633	156.064554265689	588.066214515327	272.705590586115	145.496170717219	167.565670719224	76.122502699869	144.434804138818	184.866576554265	192.419602871072	142.081495866561	160.783849457509	125.858072595377	413.08455265037	157.625672093114	177.745708027067	118.974225323936
Tb927_07_v5.1	1615120	1615520	45.4730785013621	60.8207379130305	105.366595394861	233.258303414265	145.613802863969	573.401221634645	318.606531575857	148.527340940495	155.423230812034	53.2857518899083	102.021409272657	145.428373556022	139.338333113535	144.84035986397	146.597039211258	117.991943058166	323.118285048602	151.787684237813	148.68037212327	113.150312196191
Tb927_07_v5.1	573697	574097	63.3867154867472	127.379281289554	130.321841672591	454.451522169172	178.359490589359	774.311624099981	513.010516944176	261.286873246339	229.492114245894	74.6000526458717	221.23743808565	166.379918898839	173.841158455934	201.397071810853	145.414805024071	193.282040057187	648.770831156409	226.51392878566	229.168994626093	151.421741321373
Tb927_07_v5.1	1355057	1355457	57.4155031582855	140.576233855589	193.172091557244	364.968810945596	201.351143673144	768.445626947709	460.359437573589	184.901383619799	214.921186357266	67.7490274028834	159.336807740442	144.195929712327	144.646460089288	179.326159831581	157.237146895946	162.941254699372	515.722125548161	213.670355503999	209.046839000387	143.933853014272
Tb927_07_v5.1	409278	409678	50.066318754025	61.3945184593798	94.7375090173088	171.927456395859	141.433502303281	299.165854765902	209.254289806177	106.697191859294	91.0682993039263	54.8082019439057	103.167717242013	81.3412936838767	58.3893967332907	70.3510319339281	72.1162854184416	71.9188986259299	225.54923426922	84.0670251163275	90.5497003156757	78.20683342972
Tb927_07_v5.1	1108264	1108664	53.281586930889	99.8378150647859	173.300321373126	335.811523018813	191.597109031538	538.20523872101	402.308247498327	188.53878788773	157.851718793472	72.3163775648756	150.166343985597	136.801266650156	99.5273807953818	176.567295834172	114.676716157194	152.827659580101	428.290119005598	171.636842945835	176.627810492306	128.126088810392
Tb927_07_v5.1	814040	814440	55.1188830319541	113.60854817717	134.943183575874	368.990505832049	158.851421306148	777.244622676117	438.758994754887	198.844766646866	148.13776686772	69.2714774568808	138.70326429204	150.358148930802	110.143634746889	201.397071810853	147.779273398446	166.312453072463	506.852211840945	172.804440516895	168.802527748976	125.630126041359
Tb927_07_v5.1	134263	134663	67.97995573941	123.936598011458	158.512027282619	341.844065348492	186.023374950621	676.056171799415	437.408967078718	202.482170914797	177.279622644977	80.6898528618612	162.77573164851	135.568822806461	120.759888698397	162.772975847128	133.592463152195	139.342866087739	453.632729597646	148.284891524633	171.038322818499	121.470188092969
Tb927_07_v5.1	298722	299122	76.7071122194694	170.986602812105	208.422519838079	529.858301290163	207.621594514176	1094.00846889884	585.912011457296	226.731532701	329.060121484854	117.989879184797	214.359590269516	283.462084049873	241.519777396793	238.641735775874	193.886406698761	228.117756579121	737.469968228575	277.888221912305	257.116432995128	175.549381422031
Tb927_07_v5.1	185783	186183	56.0375310824867	130.248184021301	124.314097198322	350.892878843011	168.605455947754	686.321666815892	453.609299192745	209.756979450658	172.422646682101	65.4653523218874	166.214655556577	136.801266650156	130.049110905966	168.290703841946	140.68586827532	187.663376102036	506.852211840945	196.156391938097	182.217298166113	119.806212913614
Tb927_07_v5.1	1486492	1486892	55.1188830319541	99.8378150647859	109.063668917487	320.730167194615	133.072901181905	601.26470810794	365.857500241767	147.314872851184	184.565086589291	60.1367771328965	153.605267893664	130.639047431681	136.684269625658	186.223319825104	132.410228965008	140.466598878769	451.098468538441	147.117293953573	169.920425283737	116.478262554902
Tb927_07_v5.1	799034	799434	67.0613076888775	107.870742713677	181.156602608708	344.860336513332	197.86755987257	742.048639762482	453.609299192745	209.756979450658	174.851134663539	55.5694269709044	168.507271495288	160.217699680363	145.973491833227	183.464455827695	144.232570836883	179.797246564825	387.741942058323	190.318404082797	168.802527748976	130.622051579426
Tb927_07_v5.1	1575835	1576235	60.1714473098832	63.6896406447772	147.882940905067	127.688812644878	163.728438626951	297.699355477834	202.504151425333	95.7849790555027	91.0682993039263	63.1816772408913	95.1435614565232	78.8764059964865	72.9867459166133	71.7304639326326	86.3030956646924	80.9087609541711	181.199665733138	87.5698178295078	69.3096471552086	74.0468954813307
Tb927_07_v5.1	673616	674016	67.97995573941	118.772573094314	158.974161472947	402.169488645285	130.982750901561	881.366072128956	529.210849058202	222.487894388414	174.851134663539	71.5551525378769	185.701891035624	145.428373556022	128.722079162027	182.08502382899	159.601615270322	174.178582609674	539.797605610606	221.84353850142	198.985761187534	143.101865424594
Tb927_07_v5.1	1254148	1254548	65.2240115878123	173.281724997502	154.814953759992	712.845418623767	176.269340309015	1072.01097957781	719.564751398015	246.737256174618	264.705189976746	81.4510778888599	240.724673564697	218.142560334033	216.306174261963	235.882871778465	217.531090442512	201.148169594398	855.313107481594	288.396600051846	278.356486155596	183.86925731881
Tb927_07_v5.1	331277	331677	9.64580453059197	5.73780546349344	30.5008565616702	10.0542372161321	24.385086604014	36.6624822017036	27.0005535233777	12.1246808931016	8.49970793503313	7.6122502699869	11.463079693557	7.39466306217061	7.96219046363055	8.27659199222683	9.45787349750054	5.61866395515077	11.4041747664213	18.6815611369617	7.82528274333	11.6478262554902
Tb927_07_v5.1	315083	315483	59.2527992593506	129.674403474952	159.898429853604	352.903726286237	218.769062676011	787.510117692594	558.911457933918	238.249979549446	186.993574570729	72.3163775648756	217.798514177583	140.498598181242	110.143634746889	173.808431836764	143.050336649696	179.797246564825	465.036904364067	176.307233230076	181.099400631351	113.150312196191
Tb927_07_v5.1	1962698	1963098	224.609448355213	377.547599497868	426.549857673054	1538.29829406821	484.218148279706	1646.87870050053	1908.9391341028	516.511406046128	762.545226171543	319.71451133945	561.690904984294	998.279513393032	877.167982743298	743.513847301711	982.436609552868	513.545885500781	1737.23595608484	704.061335349243	642.791082487821	453.433236374441
Tb927_07_v5.1	1599330	1599730	50.9849668045575	64.8372017374759	86.8812277817271	166.900337787793	107.294381057661	463.413775029534	291.605978052479	134.583957913428	115.353179118307	55.5694269709044	92.8509455178118	108.455058245169	112.797698234766	107.595695898949	111.130013595631	120.239408640227	250.891844861268	110.92176925071	131.911909101849	100.670498351023
Tb927_07_v5.1	779250	779650	72.1138719668066	124.510378557808	183.467273560349	421.272539355936	157.457987785919	831.505096334639	434.708911726381	218.850490120484	178.493866635696	80.6898528618612	171.946195403355	155.287924305583	127.395047418089	184.843887826399	180.881830639698	187.663376102036	556.270302495437	206.664770077638	215.754224208956	131.454039169104
Tb927_08_v5.1	2031322	2031722	67.97995573941	138.281111670192	201.490506983154	485.619657539181	203.441293953488	1067.61148171361	666.913672027429	265.530511558925	205.207234431514	65.4653523218874	222.383746055006	199.655902678606	180.476317175626	209.67366380308	184.42853320126	230.365222161182	618.359698445953	270.882636485944	294.007051642256	149.757766142017
Tb927_08_v5.1	2269234	2269634	76.2477881942032	156.642089153371	205.649714696109	711.839994902154	199.2609933928	1247.99089414599	950.419484022894	360.709256569773	250.134262088118	76.122502699869	300.332687971194	177.471913492095	188.438507639256	293.819015724053	225.806729752825	261.829740310026	885.724240192051	335.10050289425	319.718694941768	199.677021522689
Tb927_08_v5.1	927310	927710	53.281586930889	144.018917133685	157.125624711634	545.945080835974	200.654426913029	920.961552906796	676.363865760611	324.941447935123	193.064794524324	64.7041272948887	245.30990544212	142.963485868632	141.992396601411	213.811959799193	186.793001575636	232.612687743242	619.626828975555	289.564197622906	295.124949177017	160.573604807829
Tb927_08_v5.1	1140331	1140731	67.5206317141438	117.051231455266	144.648001572769	404.180336088511	147.703953144313	671.656673935211	437.408967078718	203.088404959452	174.851134663539	55.5694269709044	181.116659158201	142.963485868632	119.432856954458	168.290703841946	138.321399900945	178.673513773795	482.7767317785	203.161977364458	210.164736535148	129.790063989748
Tb927_08_v5.1	170552	170952	59.2527992593506	94.1000096012924	99.8209851109205	301.627116483964	119.835282739726	624.72869671703	349.657168127741	179.445277217904	182.136598607853	76.8837277268677	152.458959924308	149.125705087107	122.086920442335	157.25524785231	118.223418718757	129.229270968468	408.016030531961	169.301647803715	167.684630214214	123.134163272325
Tb927_08_v5.1	2284737	2285137	57.4155031582855	55.6567129958864	135.405317766202	82.4447451722834	146.310519624084	203.843401041472	139.052850645395	86.0852343410214	60.7121995359509	53.2857518899083	66.4858622226307	65.3195237158404	61.0434602211675	71.7304639326326	49.6538358618778	51.6917083873871	87.432006542563	79.3966348320871	50.3053890642643	61.5670816361626
Tb927_08_v5.1	1636745	1637145	86.3529167500614	120.493914733362	223.672948118914	294.589150432671	220.16249619624	687.788166103961	411.758441231509	172.170468682043	161.494450765629	65.4653523218874	138.70326429204	149.125705087107	128.722079162027	122.769447884698	112.312247782819	112.373279103015	366.200723055083	138.944110956152	152.034064727554	124.798138451681
Tb927_08_v5.1	256169	256569	46.851050577161	48.7713464396942	111.374339869129	63.3416944616324	130.982750901561	133.451435214201	62.1012731037686	40.6176809918904	53.4267355916368	62.4204522138926	35.5355470500267	50.5301975914991	29.1946983666453	34.4857999676118	39.0137281771897	34.8357165219348	62.0893959505157	36.1955247028632	50.3053890642643	53.2472057393838
Tb927_08_v5.1	741065	741465	81.7596764973986	168.691480626707	158.049893092291	594.205419473408	200.654426913029	947.358540092022	638.563090827882	297.660915925644	222.20665030158	93.6306783208389	244.163597472764	194.726127303826	139.338333113535	244.159463770692	216.348856255325	224.746558206031	710.860227106925	283.726209767605	271.649100947027	170.557455883964
Tb927_08_v5.1	1026825	1027225	75.3291401436706	114.756109269869	166.830442708529	362.95796350237	156.064554265689	654.058682478393	369.907583270274	181.263979351869	155.423230812034	70.0327024838795	170.799887433999	125.7092720569	111.470666490828	154.496383854901	148.961507585633	138.219133296709	475.173948600886	163.463659948415	210.164736535148	125.630126041359
Tb927_08_v5.1	1486847	1487247	82.2190005226648	159.510991885118	189.012883844289	496.679318476927	228.523097317617	1025.08300235963	696.614280903144	270.380383916166	196.707526496481	98.9592535098297	222.383746055006	183.63413271057	149.954587065042	223.467983790125	190.339704137198	194.405772848217	631.031003741976	228.84912392778	261.588023134174	161.405592397507
Tb927_08_v5.1	1526932	1527332	48.6883466782261	72.8701293863667	102.593790252891	193.041354549737	133.072901181905	409.153301371013	194.403985368319	101.241085457398	116.567423109026	51.0020768089122	69.9247861306978	123.24438436951	71.6597141726749	86.9042159183818	94.5787349750054	79.785028163141	268.631672275701	116.75975710601	95.0212904547214	95.6785728129553
Tb927_08_v5.1	2372582	2372982	45.4730785013621	93.5262290549431	113.222876630442	316.708472308162	135.859768222363	667.257176071006	340.206974394559	164.289426101527	142.066546914125	49.4796267549149	118.069720843637	156.520368149278	126.06801567415	118.631151888585	127.681292216257	111.249546311985	449.831338008839	166.966452661595	152.034064727554	105.66242388909
Tb927_08_v5.1	2153621	2154021	72.1138719668066	136.559770031144	141.413062240471	426.299657964002	188.81024199108	976.688525853385	676.363865760611	286.748703121853	174.851134663539	73.0776025918743	234.993133717919	167.612362742534	134.030206137781	235.882871778465	176.152893890947	204.519367967488	658.907875393228	296.569783049266	269.413305877504	142.269877834916
Tb927_08_v5.1	2150788	2151188	44.5544304508296	72.8701293863667	106.752997965846	179.970846168765	121.92543302007	544.071235873282	340.206974394559	166.108128235492	91.0682993039263	38.0612513499345	88.265713640389	83.8061813712669	71.6597141726749	97.9396719080175	80.3919247287546	85.4036921182918	250.891844861268	126.100537674491	128.558216497564	85.6947217368209
Tb927_08_v5.1	28583	28983	184.648258157046	109.592084352725	348.449179507565	278.50237088686	317.006125852181	624.72869671703	340.206974394559	207.332043272037	273.204897911779	208.575657397641	199.457586667892	207.050565740777	183.130380663503	198.638207813444	231.717900688763	171.931117027614	243.289061683654	182.145221085376	169.920425283737	184.701244908488
Tb927_08_v5.1	1828191	1828591	66.1426596383449	133.117086753048	140.488793859814	546.950504557587	147.007236384198	998.686015174407	569.711679343269	255.224532799789	218.563918329423	62.4204522138926	225.822669963073	176.239469648399	197.727729846825	267.609807748668	215.166622068137	212.385497504699	757.744056702212	269.715038914884	307.421822059393	158.909629628474
Tb927_08_v5.1	557122	557522	51.9036148550901	103.280498342882	170.989650421484	183.992541055218	170.695606228098	441.416285708512	271.355562909946	118.215638707741	114.138935127588	57.8531020519005	100.875101303302	112.152389776254	110.143634746889	108.975127897653	107.583311034069	70.7951658348997	252.15897539087	110.92176925071	109.55395840662	103.166461120056
Tb927_08_v5.1	1864032	1864432	38.1238940971016	43.6073215225501	70.7065311202354	56.3037284103399	71.7618262918125	180.379412432382	113.402324798186	50.9236597510267	52.2124916009178	42.6286015119267	40.1207789274495	45.6004222167187	49.1001745257217	41.3829599611342	41.3781965515648	51.6917083873871	89.9662676017677	73.5586469767865	65.9559545509243	57.4071436877732
Tb927_08_v5.1	863043	863443	47.7696986276935	99.2640345184365	101.207387681906	300.62169276235	114.958265418923	579.267218786918	355.057278832416	116.396936573775	222.20665030158	70.7939275108782	146.72742007753	195.958571147521	164.551936248365	157.25524785231	159.601615270322	173.054849818644	446.029946420031	228.84912392778	213.518429139433	128.126088810392
Tb927_08_v5.1	2436471	2436871	86.8122407753277	129.674403474952	183.467273560349	382.061014213021	189.506958751194	783.11061982839	473.859714335278	189.145021932385	242.848798143804	98.198028482831	171.946195403355	209.515453428167	207.016952054394	191.741047819922	190.339704137198	153.951392371131	420.687335827984	212.502757932939	181.099400631351	155.581679269762
Tb927_08_v5.1	109922	110322	43.635782400297	52.7878102641396	74.403604642862	141.764744747463	82.9092944536475	269.835869004539	170.103487197279	67.2919789567139	112.924691136869	52.5245268629096	82.5341737936105	72.714186778011	59.7164284772291	91.0425119144952	87.48532985188	62.9290362976887	152.055663552283	68.8882566925461	69.3096471552086	64.8950319948741
Tb927_08_v5.1	332645	333045	62.4680674362146	113.60854817717	143.723733192112	346.871183956558	158.851421306148	671.656673935211	473.859714335278	236.431277415481	193.064794524324	66.2265773488861	233.846825748563	151.590592774497	139.338333113535	198.638207813444	180.881830639698	183.168444937915	429.557249535201	208.999965219759	202.339453791818	129.790063989748
Tb927_08_v5.1	2296941	2297341	79.4630563710671	88.9359846841483	192.247823176588	161.873219179727	179.056207349474	485.411264350556	333.456836013714	137.615128136703	133.566838979092	60.8980021598952	126.093876629127	91.2008444334375	91.5651903317513	118.631151888585	98.1254375365681	69.6714330438696	204.00801526598	110.92176925071	110.671855941381	110.654349427157
Tb927_08_v5.1	2473300	2473700	75.3291401436706	139.428672762891	185.315810321663	470.538301714983	207.621594514176	1023.61650307157	680.413948789117	290.386107389783	236.777578190208	73.0776025918743	236.139441687274	236.629217989459	222.941332981655	237.262303777169	198.615343447511	216.88042866882	634.832395330783	266.212246201704	270.531203412266	180.541306960098
Tb927_08_v5.1	1225169	1225569	69.3579278152089	132.543306206698	137.715988717844	411.218302139804	146.310519624084	750.847635490891	498.160212506318	218.244256075829	197.9217704872	63.94290226789	183.409275096912	160.217699680363	147.300523577165	201.397071810853	141.868102462508	161.817521908342	563.873085673051	186.815611369617	193.396273513727	123.966150862003
Tb927_08_v5.1	1115650	1116050	63.3867154867472	110.165864899074	155.739222140649	328.77355696752	172.089039748327	689.254665392029	409.058385879172	177.020341039283	169.994158700662	73.0776025918743	186.848199004979	140.498598181242	144.646460089288	147.599223861379	152.508210147196	138.219133296709	468.838295952874	199.659184651278	198.985761187534	156.41366685944
Tb927_09_v5.1	1351065	1351465	51.9036148550901	103.280498342882	114.609279201427	373.012200718502	137.949918502708	632.061193157371	411.758441231509	163.683192056872	188.207818561448	59.3755521058978	160.483115709798	125.7092720569	119.432856954458	168.290703841946	139.503634088133	130.353003759498	534.729083492197	156.458074522054	149.798269658031	99.8385107613447
Tb927_09_v5.1	2674125	2674525	6.43053635372798	9.1804887415895	8.31841542591004	41.2223725861417	6.27045084103216	39.5954807778399	16.2003321140266	8.48727662517112	27.9276117865374	7.6122502699869	17.1946195403355	17.2542138117314	13.2703174393842	9.65602399093131	13.0045760590632	21.3509230295729	43.0824380064803	19.8491587080218	6.70738520856857	9.1518634864566
Tb927_09_v5.1	258945	259345	72.5731959920729	64.2634211911265	101.669521872234	194.04677827135	96.8436296559412	313.830847646583	190.353902339813	69.7169151353342	126.281375034778	92.8694532938402	95.1435614565232	108.455058245169	112.797698234766	95.1808079106086	102.854374285318	79.785028163141	190.069579440354	101.580988682229	102.846573198051	66.5590071742298
Tb927_09_v5.1	2888897	2889297	37.6645700718353	52.2140297177903	52.2211635071019	231.247455971039	40.4095720866517	246.371880395449	151.203099730915	67.898213001369	109.281959164712	41.1061514579293	83.6804817629662	96.1306198082179	87.584095099936	91.0425119144952	70.934051231254	89.8986232824124	216.679320562004	71.2234518346663	87.1960077113914	52.415218149706
Tb927_09_v5.1	2527061	2527461	54.2002349814215	109.018303806375	253.249536299928	239.290845743944	213.195328595093	722.984149017596	650.713339913402	163.076958012217	254.991238050994	89.8245531858455	135.264340383973	287.159415580959	205.689920310456	200.017639812149	203.344280196262	147.20899562495	382.673419939913	179.810025943256	187.80678583992	108.990374247801
Tb927_09_v5.1	988193	988593	42.7171343497644	59.0993962739824	104.442327014204	121.656270315199	117.048415699267	316.76384622272	201.154123749164	97.6036811894679	72.8546394431411	41.867376484928	90.5583295791004	89.9684005897424	71.6597141726749	60.6950079429968	60.2939435465659	61.8053035066585	179.932535203535	88.7374154005679	67.0738520856857	69.8869575329413
Tb927_09_v5.1	128462	128862	73.0325200173392	72.2963488400173	87.8054961623838	248.339659238463	90.573178814909	341.694334119878	183.603763958968	98.8161492787781	144.495034895563	100.481703563827	102.021409272657	124.476828213205	118.10582521052	117.25171988988	159.601615270322	101.135951192714	228.083495328425	108.58657410859	101.72867566329	83.1987589677873
Tb927_09_v5.1	2344461	2344861	409.257706512259	515.254930621711	541.621271064809	1190.42168639004	945.444643475627	1975.37454102779	1429.67930906285	1189.43119561327	3109.6788602314	936.306783208389	2485.19567756316	3784.83504398766	3845.73799393355	3216.83542097883	2072.45653013981	2783.48612338169	1856.34622586746	2017.60860279186	2053.57777135674	1448.49039362918
Tb927_09_v5.1	2190975	2191375	73.4918440426055	135.412208938445	142.337330621127	448.418979839493	185.326658190506	753.780634067027	530.560876734371	212.181915629278	193.064794524324	63.1816772408913	208.628050422738	146.660817399717	167.205999736241	190.361615821217	154.872678521571	173.054849818644	520.790647666571	230.01672149884	225.815302021808	132.286026758782
Tb927_09_v5.1	1629061	1629461	45.0137544760958	100.411595611135	73.9414704525337	327.768133245907	101.023930216629	450.215281436921	302.40619946183	150.34604307446	149.352010858439	66.9878023758847	129.532800537194	89.9684005897424	91.5651903317513	118.631151888585	96.9432033493805	111.249546311985	402.947508413551	122.597744961311	143.090884449463	64.0630444051962
Tb927_09_v5.1	1939036	1939436	64.3053635372798	101.559156703834	116.919950153069	281.518642051699	153.974403985345	533.805740856805	333.456836013714	166.108128235492	166.351426728505	79.1674028078638	146.72742007753	129.406603587986	104.835507771136	147.599223861379	104.036608472506	135.971667714649	357.330809347866	129.603330387672	141.972986914701	103.998448709734
Tb927_09_v5.1	3022578	3022978	44.5544304508296	33.279271688262	92.8889722559955	85.461016337123	100.327213456515	200.910402465336	109.35224176968	64.8670427780936	48.5697596287607	41.867376484928	58.4617064371408	64.0870798721453	51.7542380135985	55.1772799481789	50.8360700490654	41.5781132681157	88.6991370721653	49.0390979845244	64.8380570161628	42.4313670735715
Tb927_09_v5.1	114735	115135	162.141380918998	150.904283689877	309.629907519985	523.825758960484	268.932669404268	815.373604165889	438.758994754887	224.912830567035	343.631049373482	184.977681560682	264.797140921167	224.304779552508	233.557586933163	251.056623764214	283.736204925016	186.539643311006	414.351683179972	233.519514212021	233.640584765138	213.820810547213
Tb927_09_v5.1	60156	60556	17.9136369853851	24.0987829466724	20.3339043744468	86.4664400587362	25.0818033641286	86.5234579960206	56.7011623990931	28.4930000987888	37.6415637122896	20.5530757289646	36.6818550193824	18.4866576554265	19.9054761590764	20.6914799805671	27.191386305314	21.3509230295729	82.3634844241535	25.6871465633223	31.30113097332	18.3037269729132
Tb927_09_v5.1	2757647	2758047	26.1814694401782	23.5250024003231	30.5008565616702	62.3362707400192	37.622705046193	49.860975794317	27.0005535233777	21.8244256075829	43.7127836658846	43.3898265389253	20.6335434484026	25.8813207175971	15.9243809272611	19.3120479818626	22.4624495565638	19.1034574475126	70.9593096577323	35.0279271318031	17.8863605561829	21.6316773316247
Tb927_09_v5.1	95975	96375	79.4630563710671	94.1000096012924	95.1996432076372	479.587115209502	83.6060112137621	476.612268622147	292.956005728648	146.102404761874	199.136014477919	108.855178860813	175.385119311422	161.450143524058	139.338333113535	190.361615821217	180.881830639698	160.693789117312	420.687335827984	161.128464806294	159.859347470884	115.646274965224
Tb927_09_v5.1	101894	102294	164.897325070596	154.346966967974	242.158315732048	465.511183106917	233.400114638419	843.237090639184	498.160212506318	219.456724165139	386.129589048648	181.932781452687	278.552836553435	313.040736298556	252.136031348301	223.467983790125	373.586003151271	234.860153325302	466.304034893669	253.368672920043	250.40904778656	198.013046343334
Tb927_09_v5.1	1630503	1630903	56.9561791330192	107.870742713677	186.702212892648	289.562031824605	176.269340309015	626.195196005098	461.709465249758	201.875936870142	122.638643062621	85.2572030238533	132.971724445261	122.011940525815	120.759888698397	150.358087858787	132.410228965008	141.590331669799	387.741942058323	155.290476950994	160.977245005646	118.142237734258
Tb927_09_v5.1	2594545	2594945	31.6933577433736	43.6073215225501	59.153176362027	182.987117333605	53.6471905288307	353.426328424423	229.50470494871	83.660298162401	116.567423109026	49.4796267549149	99.728793333946	46.8328660604138	59.7164284772291	67.5921679365191	75.6629879800043	88.7748904913822	197.672362617968	86.4022202584477	100.610778128529	53.2472057393838
Tb927_09_v5.1	3503622	3504022	84.5156206489963	92.9524485085937	140.026659669486	286.545760659765	128.195883861102	429.684291403967	272.705590586115	132.765255779463	188.207818561448	95.914353401835	139.849572261396	113.384833619949	111.470666490828	136.563767871743	169.059488767822	121.363141431257	311.714110282181	138.944110956152	121.850831288996	109.822361837479
Tb927_09_v5.1	1573870	1574270	37.205246046569	74.5914710254147	112.298608249786	157.851524293274	101.023930216629	297.699355477834	247.055064738906	80.0228938944706	91.0682993039263	41.867376484928	90.5583295791004	88.7359567460473	69.0056506847981	85.5247839196773	70.934051231254	73.04263141696	219.213581621209	74.7262445478466	98.3749830590057	79.0388210193979
Tb927_09_v5.1	593531	593931	65.2240115878123	95.2475706939911	147.420806714739	317.713896029775	142.130219063396	715.651652577255	483.30990806846	222.487894388414	174.851134663539	56.3306519979031	138.70326429204	152.823036618193	135.357237881719	140.702063867856	150.143741772821	121.363141431257	482.7767317785	193.821196795977	194.514171048488	124.798138451681
Tb927_09_v5.1	3057855	3058255	8.26783245479311	4.01646382444541	17.0989650421484	11.0596609377453	15.3277687225231	32.2629843374992	10.8002214093511	6.0623404465508	3.64273197215705	9.89592535098297	8.02415578548991	9.85955074956081	5.3081269757537	9.65602399093131	5.91117093593784	5.61866395515077	16.4726968848307	8.17318299742073	7.82528274333	8.31987589677873
Tb927_09_v5.1	2985846	2986246	1.37797207579885	1.72134163904803	6.4698786645967	9.04881349451891	2.78686704045874	42.5284793539762	16.2003321140266	10.3059787591364	8.49970793503313	2.28367508099607	3.4389239080671	4.9297753747804	6.63515871969212	5.51772799481789	5.91117093593784	4.49493116412062	10.1370442368189	3.50279271318031	6.70738520856857	2.49596276903362
Tb927_09_v5.1	1843178	1843578	61.0900953604158	86.0670819524016	164.057637566559	303.63796392719	163.031721866836	560.202728042032	368.557555594105	161.864489922906	166.351426728505	68.5102524298821	116.923412874282	134.336378962766	120.759888698397	176.567295834172	144.232570836883	132.600469341558	380.139158880709	148.284891524633	176.627810492306	110.654349427157
Tb927_09_v5.1	567916	568316	75.3291401436706	94.1000096012924	143.723733192112	246.328811795237	160.244854826377	788.976616980663	398.258164469821	172.170468682043	165.137182737786	70.0327024838795	147.873728046885	136.801266650156	153.935682296857	151.737519857492	121.770121280319	138.219133296709	340.858112463035	170.469245374775	163.213040075169	124.798138451681
Tb927_09_v5.1	2407074	2407474	46.3917265518947	96.9689123330391	167.754711089186	235.269150857492	163.031721866836	573.401221634645	292.956005728648	138.827596226013	142.066546914125	53.2857518899083	108.899257088792	133.103935119071	96.873317307505	129.66660787822	100.489905910943	113.497011894046	354.796548288661	134.273720671912	140.85508937994	96.5105604026332
Tb927_09_v5.1	1818577	1818977	65.2240115878123	120.493914733362	161.284832424589	365.974234667209	174.875906788786	699.520160408506	506.260378563331	217.638022031174	194.279038515043	71.5551525378769	168.507271495288	138.033710493851	138.011301369596	208.294231804375	157.237146895946	179.797246564825	435.892902183213	192.653599224917	184.453093235636	149.757766142017
Tb927_09_v5.1	1616971	1617371	54.6595590066878	112.460987084471	176.997394895753	375.023048161728	165.12187214718	731.783144746005	418.508579612354	174.595404860663	179.708110626415	82.9735279428572	163.922039617865	167.612362742534	187.111475895318	188.982183822513	167.877254580635	141.590331669799	475.173948600886	183.312818656436	169.920425283737	128.126088810392
Tb927_09_v5.1	2040318	2040718	56.4968551077529	78.0341543035108	135.867451956531	283.529489494926	169.302172707868	624.72869671703	438.758994754887	206.725809227382	159.065962784191	60.8980021598952	167.360963525932	135.568822806461	123.413952186273	162.772975847128	132.410228965008	140.466598878769	390.276203117528	168.134050232655	201.221556257057	139.773915065883
Tb927_09_v5.1	1000594	1000994	58.7934752340844	82.0506181279562	123.389828817666	309.670506256869	126.802450340873	451.681780724989	271.355562909946	147.314872851184	132.352594988373	50.2408517819136	122.65495272106	117.082165151035	92.8922220756897	132.425471875629	133.592463152195	105.630882356835	287.638630219736	115.59215953495	134.147704171371	97.3425479923111
Tb927_09_v5.1	1096177	1096577	56.0375310824867	95.2475706939911	131.246110053247	353.909150007851	154.67112074546	734.716143322141	481.959880392291	185.507617664455	177.279622644977	65.4653523218874	189.140814943691	140.498598181242	143.31942834535	175.187863835468	144.232570836883	157.322590744222	400.413247354346	175.139635659016	173.274117888021	109.822361837479
Tb927_10_v5.1	3920489	3920889	48.2290226529598	79.7554959425588	142.337330621127	239.290845743944	124.015583300414	525.006745128396	260.555341500595	117.609404663086	118.995911090464	50.2408517819136	107.752949119436	105.990170557779	63.6975237090444	106.216263900244	89.8497982262551	94.393554446533	324.385415578205	94.5754032558684	101.72867566329	81.5347837884315
Tb927_10_v5.1	1681944	1682344	48.2290226529598	94.6737901476418	129.397573291934	179.970846168765	148.400669904428	473.679270046011	197.104040720657	138.827596226013	110.496203155431	42.6286015119267	89.4120216097447	73.9466306217061	88.9111268438744	91.0425119144952	69.7518170440665	80.9087609541711	240.754800624449	88.7374154005679	120.732933754234	94.8465852232775
Tb927_10_v5.1	3666573	3666973	62.9273914614809	113.60854817717	126.624768149964	404.180336088511	146.310519624084	818.306602742025	479.259825039954	214.606851807898	162.708694756348	59.3755521058978	179.970351188845	146.660817399717	127.395047418089	158.634679851014	158.419381083134	147.20899562495	532.194822432992	214.837953075059	194.514171048488	124.798138451681
Tb927_10_v5.1	1530895	1531295	48.2290226529598	131.969525660349	100.745253491577	575.102368762757	114.958265418923	718.584651153392	441.459050107225	235.825043370826	220.992406310861	75.3612776728703	220.091130116295	176.239469648399	148.627555321104	206.914799805671	191.521938324386	200.024436803368	715.928749225335	230.01672149884	258.23433052989	126.462113631037
Tb927_10_v5.1	3881139	3881539	68.4392797646763	114.182328723519	130.783975862919	366.979658388822	137.949918502708	665.790676782938	411.758441231509	177.626575083938	171.208402691382	75.3612776728703	143.288496169463	167.612362742534	130.049110905966	162.772975847128	144.232570836883	179.797246564825	457.434121186453	172.804440516895	156.5056548666	127.294101220714
Tb927_10_v5.1	2941120	2941520	52.3629388803564	80.3292764889081	109.063668917487	136.737626139397	110.777964858235	212.642396769881	144.452961350071	78.8104258051604	80.1401033874552	66.2265773488861	75.6563259774763	72.714186778011	61.0434602211675	64.8333039391102	74.4807537928167	55.0629067604776	138.117227726657	50.2066955555845	64.8380570161628	40.7673918942158
Tb927_10_v5.1	2886990	2887390	55.5782070572204	92.9524485085937	121.079157866024	235.269150857492	140.040068783052	447.282282860785	279.455728966959	154.589681387045	118.995911090464	60.1367771328965	140.995880230751	104.757726714084	87.584095099936	120.010583887289	108.765545221256	107.878347938895	323.118285048602	107.41897653753	117.37924114995	98.1745355819889
Tb927_10_v5.1	3279221	3279621	45.0137544760958	100.411595611135	105.366595394861	236.274574579105	107.991097817776	445.815783572716	243.004981710399	117.00317061843	115.353179118307	42.6286015119267	89.4120216097447	80.1088498401816	70.3326824287365	99.319103906722	102.854374285318	84.2799593272616	283.837238630929	82.8994275452674	91.6675978504371	77.3748458400421
Tb927_10_v5.1	192173	192573	67.5206317141438	125.084159104157	131.708244243576	436.353895180134	176.96605706913	730.316645457937	465.759548278265	211.575681584623	195.493282505762	57.0918770249018	181.116659158201	158.985255836668	126.06801567415	188.982183822513	165.512786206259	158.446323535252	579.078652028279	216.005550646119	261.588023134174	131.454039169104
Tb927_10_v5.1	1934114	1934514	72.5731959920729	159.510991885118	261.10581753551	365.974234667209	289.137455447594	849.103087791457	652.063367589571	226.731532701	205.207234431514	75.3612776728703	178.824043219489	220.607448021423	213.652110774086	188.982183822513	212.802153693762	204.519367967488	546.133258258618	251.033477777922	268.295408342743	247.932301724006
Tb927_10_v5.1	2415040	2415440	63.8460395120135	104.428059435581	163.133369185902	275.48609972202	165.12187214718	583.666716651122	452.259271516576	163.683192056872	127.495619025497	61.6592271868939	147.873728046885	141.731042024937	134.030206137781	151.737519857492	118.223418718757	132.600469341558	404.214638943153	179.810025943256	188.924683374681	149.757766142017
Tb927_10_v5.1	1418107	1418507	80.3817044215997	111.887206538122	185.315810321663	299.616269040737	184.629941430391	590.999213091463	405.008302850665	176.414106994628	183.350842598572	86.7796530778507	153.605267893664	183.63413271057	164.551936248365	151.737519857492	161.966083644697	116.868210267136	395.344725235937	158.793269664174	178.863605561829	130.622051579426
Tb927_10_v5.1	285097	285497	57.4155031582855	73.443909932716	186.240078702319	202.090168044256	178.359490589359	425.284793539762	329.406752985208	128.521617466877	133.566838979092	64.7041272948887	76.802633946832	110.919945932559	96.873317307505	125.528311882107	105.218842659693	97.7647528196235	231.884886917232	120.262549819191	98.3749830590057	100.670498351023
Tb927_10_v5.1	178998	179398	75.7884641689369	109.592084352725	149.731477666381	373.012200718502	156.064554265689	667.257176071006	417.158551936185	220.062958209794	183.350842598572	79.1674028078638	179.970351188845	183.63413271057	157.916777528672	191.741047819922	121.770121280319	170.807384236584	442.228554831224	194.988794367037	177.745708027067	129.790063989748
Tb927_10_v5.1	523374	523774	138.715855630418	236.39758509593	295.765881810135	849.583044763164	337.907628655622	1462.09979020394	1096.22247304913	474.075022920273	376.415637122896	144.632755129751	404.646713182563	280.997196362483	274.695570995254	360.031751661867	373.586003151271	364.08942429377	1040.31416480354	396.983174160435	469.5169645998	247.100314134328
Tb927_10_v5.1	101051	101451	71.195223916274	100.411595611135	158.974161472947	261.410167619435	170.695606228098	569.001723770441	376.657721651119	158.227085654976	135.99532696053	62.4204522138926	135.264340383973	140.498598181242	132.703174393842	144.84035986397	114.676716157194	130.353003759498	295.24141339735	141.279306098273	167.684630214214	118.142237734258
Tb927_10_v5.1	883309	883709	36.7459220213027	39.0170771517554	118.768486914382	83.4501688938966	110.08124809812	165.714419551701	99.9020480364974	49.1049576170615	52.2124916009178	43.3898265389253	42.4133948661609	51.7626414351942	41.1379840620911	28.9680719727939	44.9248991131275	29.217052566784	100.103311838587	35.0279271318031	35.7727211123657	49.9192553806723
Tb927_10_v5.1	1459055	1459455	61.5494193856821	121.641475826061	149.731477666381	376.028471883341	175.572623548901	744.981638338618	479.259825039954	208.544511361348	194.279038515043	68.5102524298821	204.042818545315	160.217699680363	139.338333113535	154.496383854901	151.325975960009	146.08526283392	505.585081311342	171.636842945835	186.688888305158	123.966150862003
Tb927_10_v5.1	3219480	3219880	56.9561791330192	98.1164734257378	113.222876630442	378.039319326568	136.556484982478	577.80071949885	363.15744488943	180.657745307214	150.566254849158	61.6592271868939	162.77573164851	144.195929712327	83.6029998681207	142.081495866561	119.405652905944	132.600469341558	428.290119005598	150.620086666753	148.68037212327	117.31025014458
Tb927_10_v5.1	1359005	1359405	58.3341512088181	117.625012001616	130.783975862919	317.713896029775	152.580970465116	567.535224482373	338.85694671839	167.926830369457	184.565086589291	57.8531020519005	138.70326429204	117.082165151035	115.451761722643	135.184335873038	124.134589654695	148.33272841598	387.741942058323	135.441318242972	165.448835144691	109.822361837479
Tb927_10_v5.1	3377373	3377773	61.0900953604158	137.707331123843	168.678979469843	552.983046887267	158.154704546033	800.708611285208	476.559769687616	190.96372406635	183.350842598572	88.3021031318481	201.750202606603	149.125705087107	172.514126711995	208.294231804375	126.49905802907	148.33272841598	580.345782557882	217.173148217179	206.811043930864	131.454039169104
Tb927_10_v5.1	1027407	1027807	44.0951064255633	55.6567129958864	92.4268380656671	87.4718637803495	98.9337799362852	162.781420975564	144.452961350071	58.1984682868877	54.6409795823558	35.7775762689384	65.339554253275	57.9248606536698	41.1379840620911	37.2446639650208	56.7472409850032	46.0730444322363	139.38435825626	59.5474761240653	61.4843644118785	54.9111809187396
Tb927_10_v5.1	3984227	3984627	33.5306538444387	66.5585433765239	85.0326910204138	201.084744322642	95.4501961357118	354.892827712491	252.455175443581	86.0852343410214	101.996495220398	40.3449264309306	79.0952498855434	83.8061813712669	104.835507771136	80.0070559248594	96.9432033493805	73.04263141696	274.967324923713	94.5754032558684	80.4886225028228	72.3829203019749
Tb927_10_v5.1	500926	501326	49.1476707034924	108.444523260026	172.376052992469	384.071861656247	162.335005106721	847.636588503388	554.861374905411	204.300873048762	171.208402691382	60.1367771328965	154.75157586302	150.358148930802	132.703174393842	175.187863835468	189.157469950011	148.33272841598	519.523517136968	166.966452661595	231.404789695616	128.95807640007
Tb927_10_v5.1	2333177	2333577	28.4780895665096	39.0170771517554	64.2366524556387	73.3959316777645	69.6716760114684	93.8559544363613	68.8514114846131	38.19274481327	24.2848798143804	32.7326761609437	44.7060108048723	36.973315310853	47.7731427817833	41.3829599611342	36.6492598028146	20.2271902385428	110.240356075406	37.3631222739233	25.7116432995128	38.2714291251821
Tb927_10_v5.1	1900361	1900761	77.625760270002	166.970138987659	213.043861741363	582.14033481405	218.072345915896	1066.14498242554	849.167408310228	272.805320094786	248.920018097399	81.4510778888599	213.21328230016	226.769667239899	188.438507639256	235.882871778465	274.278331427516	228.117756579121	760.278317761417	337.43569803637	370.024084006033	220.476711264636
Tb927_10_v5.1	3767814	3768214	36.7459220213027	86.6408624987509	78.1006781654887	405.185759810124	89.8764620547943	501.542756519306	376.657721651119	166.108128235492	144.495034895563	56.3306519979031	159.336807740442	105.990170557779	103.508476027197	126.907743880811	128.863526403445	132.600469341558	546.133258258618	176.307233230076	167.684630214214	76.5428582503643
Tb927_10_v5.1	2707722	2708122	69.3579278152089	106.723181620978	192.709957366916	259.399320176209	182.539791150047	548.470733737487	310.506365518843	175.201638905318	106.853471183274	59.3755521058978	153.605267893664	119.547052838425	95.5462855635665	140.702063867856	106.401076846881	125.858072595377	311.714110282181	152.955281808874	153.151962262316	130.622051579426
Tb927_10_v5.1	1077983	1078383	55.5782070572204	99.8378150647859	96.1239115882938	289.562031824605	98.2370631761705	500.076257231238	272.705590586115	136.402660047393	132.352594988373	48.7184017279162	131.825416475906	94.8981759645228	79.6219046363054	111.733991895062	112.312247782819	152.827659580101	345.926634581445	156.458074522054	145.326679518986	105.66242388909
Tb927_10_v5.1	1984603	1985003	51.9036148550901	108.444523260026	134.481049385546	320.730167194615	133.769617942019	563.135726618168	298.356116433323	153.377213297735	122.638643062621	47.9571767009175	140.995880230751	117.082165151035	110.143634746889	171.049567839355	131.22799477782	122.486874222287	406.748900002358	178.642428372196	153.151962262316	119.806212913614
Tb927_10_v5.1	2219190	2219590	32.6120057939062	66.5585433765239	66.5473234072803	190.025083384897	75.2454100923859	296.232856189765	117.452407826693	81.8415960284358	64.354931508108	44.151051565924	71.0710941000535	59.1573044973649	46.4461110378448	74.4893279300415	69.7518170440665	61.8053035066585	216.679320562004	70.0558542636062	62.60226194664	45.759317432283
Tb927_10_v5.1	3074675	3075075	74.8698161184043	128.526842382253	125.700499769307	403.174912366898	130.286034141446	778.711121964186	523.810738353527	221.881660343759	227.063626264456	64.7041272948887	186.848199004979	157.752811992973	126.06801567415	213.811959799193	186.793001575636	193.282040057187	535.996214021799	213.670355503999	196.749966118011	146.429815783306
Tb927_11_v5.1	3883756	3884156	73.9511680678717	90.083545776847	175.610992324768	140.75932102585	168.605455947754	395.954807778399	234.904815653386	107.303425903949	128.709863016216	101.242928590826	104.314025211369	149.125705087107	143.31942834535	107.595695898949	114.676716157194	73.04263141696	230.61775638763	82.8994275452674	120.732933754234	106.494411478768
Tb927_11_v5.1	1597539	1597939	66.1426596383449	100.411595611135	139.102391288829	328.77355696752	135.163051462249	640.86018888578	419.858607288523	191.569958111005	156.637474802753	66.2265773488861	182.262967127556	147.893261243412	135.357237881719	168.290703841946	140.68586827532	148.33272841598	418.153074768779	179.810025943256	169.920425283737	103.998448709734
Tb927_11_v5.1	1920371	1920771	48.6883466782261	88.9359846841483	134.943183575874	158.856948014888	137.253201742593	366.624822017036	209.254289806177	85.4790002963663	84.9970793503312	47.1959516739188	88.265713640389	104.757726714084	88.9111268438744	81.3864879235639	79.209690541567	52.8154411784173	204.00801526598	77.0614396899668	91.6675978504371	68.2229823535856
Tb927_11_v5.1	650177	650577	60.6307713351495	113.60854817717	105.366595394861	396.136946315606	144.917086103854	695.120662544301	379.357777003456	215.213085852553	179.708110626415	55.5694269709044	196.018662759825	135.568822806461	124.740983930212	162.772975847128	173.788425516572	157.322590744222	448.564207479236	210.167562790819	185.570990770397	124.798138451681
Tb927_11_v5.1	34239	34639	41.3391622739656	41.3121993371528	74.8657388331904	103.558643326161	91.9666123351384	252.237877547721	160.653293464097	83.660298162401	77.7116154060171	44.9122765929227	85.9730977016776	66.5519675595355	49.1001745257217	78.6276239261549	59.1117093593784	55.0629067604776	135.582966667453	81.7318299742073	76.0170323637771	55.7431685084175
Tb927_11_v5.1	2621952	2622352	58.7934752340844	138.281111670192	167.292576898858	357.930844894304	203.441293953488	634.994191733507	459.00940989742	237.643745504791	134.781082969811	70.7939275108782	157.044191801731	125.7092720569	106.162539515074	177.946727832877	153.690444334384	160.693789117312	400.413247354346	191.486001653857	200.103658722296	141.437890245238
Tb927_11_v5.1	2707765	2708165	56.4968551077529	110.165864899074	117.844218533726	324.751862081068	131.679467661675	655.525181766461	400.958219822158	175.807872949973	165.137182737786	69.2714774568808	167.360963525932	129.406603587986	98.2003490514434	142.081495866561	141.868102462508	123.610607013317	404.214638943153	180.977623514316	203.45735132658	124.798138451681
Tb927_11_v5.1	2133954	2134354	45.9324025266284	73.443909932716	103.055924443219	139.753897304236	107.294381057661	268.369369716471	195.754013044488	89.7226386089519	63.1406875173889	44.151051565924	83.6804817629662	80.1088498401816	62.3704919651059	102.077967904131	73.2985196056292	59.5578379245982	197.672362617968	81.7318299742073	72.6633397594928	70.7189451226192
Tb927_11_v5.1	1715916	1716316	76.2477881942032	134.838428392096	122.927694627337	473.554572879823	159.548138066263	775.778123388049	461.709465249758	224.912830567035	193.064794524324	63.94290226789	178.824043219489	160.217699680363	145.973491833227	209.67366380308	166.695020393447	162.941254699372	644.969439567602	200.826782222338	209.046839000387	138.109939886527
Tb927_11_v5.1	2291179	2291579	68.4392797646763	114.756109269869	193.172091557244	316.708472308162	165.818588907295	627.661695293167	498.160212506318	197.632298557556	138.423814941968	45.6735016199214	168.507271495288	125.7092720569	127.395047418089	160.014111849719	157.237146895946	171.931117027614	408.016030531961	194.988794367037	186.688888305158	113.150312196191
Tb927_11_v5.1	1138706	1139106	63.3867154867472	118.772573094314	143.723733192112	339.833217905266	169.302172707868	730.316645457937	460.359437573589	182.476447441179	188.207818561448	62.4204522138926	182.262967127556	144.195929712327	134.030206137781	184.843887826399	174.97065970376	144.96153004289	458.701251716055	201.994379793398	177.745708027067	130.622051579426
Tb927_11_v5.1	135418	135818	83.1376485731974	151.478064236227	200.104104412169	429.315929128842	266.145802363809	1089.60897103463	668.263699703597	253.405830665823	331.488609466292	106.571503779817	262.504524982456	258.813207175971	237.538682164978	238.641735775874	205.708748570637	257.334809145905	565.140216202654	318.754136899408	313.0113097332	210.492860188502
Tb927_11_v5.1	1553579	1553979	73.4918440426055	99.2640345184365	121.079157866024	413.22914958303	141.433502303281	711.252154713051	309.156337842674	170.958000592733	169.994158700662	65.4653523218874	150.166343985597	154.055480461888	134.030206137781	168.290703841946	132.410228965008	120.239408640227	518.256386607366	157.625672093114	182.217298166113	104.830436299412
Tb927_11_v5.1	4698105	4698505	117.586950468169	82.6243986743055	237.074839638436	165.89491406618	228.523097317617	366.624822017036	238.954898681892	129.734085556187	161.494450765629	156.81235556173	142.142188200107	189.796351929046	135.357237881719	126.907743880811	143.050336649696	91.0223560734425	138.117227726657	86.4022202584477	122.968728823757	123.966150862003
Tb927_11_v5.1	1958345	1958745	56.9561791330192	130.82196456765	144.185867382441	412.223725861417	189.506958751194	693.654163256233	504.910350887163	208.544511361348	149.352010858439	60.1367771328965	149.020036016241	145.428373556022	131.376142649904	177.946727832877	133.592463152195	140.466598878769	547.40038878822	199.659184651278	192.278375978966	139.773915065883
Tb927_11_v5.1	412377	412777	68.4392797646763	92.9524485085937	153.428551189007	304.643387648803	151.187536944887	683.388668239756	465.759548278265	203.088404959452	169.994158700662	65.4653523218874	189.140814943691	176.239469648399	126.06801567415	153.116951856196	177.335128078135	168.559918654523	400.413247354346	190.318404082797	169.920425283737	143.933853014272
Tb927_11_v5.1	229231	229631	73.0325200173392	132.543306206698	175.148858134439	401.164064923672	178.359490589359	898.964063585773	498.160212506318	197.026064512901	185.77933058001	76.122502699869	185.701891035624	166.379918898839	149.954587065042	175.187863835468	147.779273398446	170.807384236584	548.667519317823	220.67594093036	220.225814348001	136.445964707171
Tb927_11_v5.1	3467622	3468022	69.8172518404752	134.264647845746	177.459529086081	400.158641202058	186.720091710735	708.319156136915	527.860821382033	252.193362576513	137.209570951249	60.8980021598952	206.335434484026	149.125705087107	126.06801567415	195.879343816035	131.22799477782	176.426048191734	437.160032712815	206.664770077638	191.160478444204	128.126088810392
Tb927_11_v5.1	4693047	4693447	15.6170168590537	24.0987829466724	25.4173804680585	54.2928809671135	29.9588206849314	218.508393922154	103.952131065004	39.4052129025802	46.1412716473227	12.9408254589777	42.4133948661609	20.9515453428167	29.1946983666453	30.3475039714984	37.8314939900021	35.9594493129649	55.7537433025039	31.5251344186228	23.47584822999	13.311801434846
Tb927_11_v5.1	4449445	4449845	62.9273914614809	109.592084352725	132.170378433904	405.185759810124	119.835282739726	854.969084943729	425.258717993198	200.057234736176	240.420310162366	76.122502699869	179.970351188845	162.682587367753	167.205999736241	233.124007781056	152.508210147196	180.920979355855	478.975340189693	233.519514212021	217.990019278478	127.294101220714
Tb927_11_v5.1	1337458	1337858	68.4392797646763	107.870742713677	187.164347082976	412.223725861417	177.662773829245	784.577119116458	554.861374905411	247.343490219273	184.565086589291	73.0776025918743	173.092503372711	158.985255836668	138.011301369596	190.361615821217	140.68586827532	159.570056326282	466.304034893669	237.022306925201	224.697404487047	136.445964707171
Tb927_11_v5.1	2531209	2531609	55.5782070572204	138.854892216541	130.321841672591	500.70101336338	160.244854826377	819.773102030094	487.359991096967	224.30659652238	189.422062552167	70.7939275108782	200.603894637248	144.195929712327	112.797698234766	201.397071810853	169.059488767822	196.653238430277	596.818479442712	205.497172506578	197.867863652773	145.597828193628
Tb927_11_v5.1	4180943	4181343	45.0137544760958	59.0993962739824	82.2598858784438	119.645422871972	105.204230777317	184.778910296586	117.452407826693	71.5356172692995	67.997663480265	35.0163512419398	74.5100180081206	44.3679783730236	57.0623649893522	56.5567119468834	46.1071333003151	58.434105133568	149.521402493079	70.0558542636062	48.0695939947414	53.2472057393838
Tb927_11_v5.1	1496397	1496797	61.5494193856821	115.903670362567	121.541292056352	389.098980264313	131.679467661675	786.043618404526	459.00940989742	210.969447539968	178.493866635696	79.1674028078638	185.701891035624	165.147475055144	139.338333113535	162.772975847128	178.517362265323	161.817521908342	527.126300314583	171.636842945835	190.042580909443	140.60590265556
Tb927_11_v5.1	53483	53883	32.6120057939062	55.6567129958864	78.1006781654887	166.900337787793	88.4830285345649	324.09634266306	217.35445586319	112.759532305845	91.0682993039263	31.971451133945	88.265713640389	82.5737375275718	54.4083015014754	81.3864879235639	78.0274563543794	85.4036921182918	211.610798443594	92.2402081137482	96.1391879894828	67.3909947639077
Tb927_11_v5.1	3893054	3893454	79.4630563710671	133.117086753048	172.838187182798	440.375590066587	165.818588907295	830.038597046571	492.760101801643	229.15646887962	197.9217704872	76.8837277268677	178.824043219489	186.09902039796	175.168190199872	177.946727832877	192.704172511573	147.20899562495	587.948565735496	184.480416227496	197.867863652773	133.11801434846
Tb927_11_v5.1	3104134	3104534	72.5731959920729	148.035380958131	140.026659669486	401.164064923672	171.392322988212	919.495053618728	603.462371247491	244.312319995997	185.77933058001	78.4061777808651	220.091130116295	168.844806586229	152.608650552919	249.677191765509	159.601615270322	198.900704012337	520.790647666571	240.525099638381	232.522687230377	143.933853014272
Tb927_11_v5.1	2218515	2218915	66.1426596383449	131.395745114	220.438008786616	368.990505832049	198.564276632685	1014.81750734316	544.06115349606	247.949724263928	216.135430347985	72.3163775648756	158.190499771087	168.844806586229	167.205999736241	195.879343816035	190.339704137198	188.787108893066	546.133258258618	246.363087493682	220.225814348001	175.549381422031
Tb927_11_v5.1	5057884	5058284	53.281586930889	84.9195208597029	86.4190935913988	123.667117758425	114.261548658808	378.356816321582	234.904815653386	111.547064216535	122.638643062621	66.2265773488861	88.265713640389	118.31460899473	104.835507771136	102.077967904131	105.218842659693	91.0223560734425	163.459838318705	113.25696439283	125.20452389328	82.3667713781094
Tb927_11_v5.1	1089235	1089635	51.4442908298238	74.5914710254147	137.715988717844	171.927456395859	143.523652583625	379.82331560965	232.204760301048	109.122128037914	117.781667099745	52.5245268629096	106.60664115008	89.9684005897424	78.294872892367	93.8013759119041	94.5787349750054	76.4138297900505	229.350625858028	108.58657410859	114.025548545666	98.1745355819889
